"sodiumchloride$YORF"	"P0"	"P30"	"P60"	"P90"	"P120"	"P240"
"1"	"YAL019W"	6796.71319	7136.614461	7326.921195	7003.965627	6869.399022	6418.728761
"2"	"YAL021C"	2779.050022	2605.825957	2986.146089	3024.464764	2900.182818	2758.734392
"3"	"YAL023C"	6512.436698	6512.485109	6621.117124	6726.799959	6967.901372	6748.424416
"4"	"YAL035W"	13406.22431	13624.42294	13629.9978	13173.24947	12766.42903	12280.52263
"5"	"YAL036C"	11733.36646	11651.94384	11059.54272	10566.86609	9857.44117	10017.49285
"6"	"YAL059W"	2835.839687	2123.771618	2291.949397	2211.56054	2353.715134	1988.972339
"7"	"YAR002C-A"	20675.37706	18710.43213	19018.38506	18935.35319	19185.61453	18775.8821
"8"	"YAR002W"	4590.281414	5650.215947	5317.627297	5289.720468	4986.771072	4792.398086
"9"	"YAR015W"	4276.968159	4196.944183	4327.819999	4140.380779	3996.028987	3804.004531
"10"	"YBL002W"	443201.2609	394366.3797	303275.7241	233532.2626	134046.5618	124444.9733
"11"	"YBL024W"	16134.33573	15725.415	15712.385	15350.61443	15256.27343	15168.77587
"12"	"YBL032W"	15576.28466	17277.39443	16252.52916	14994.38681	15726.12151	14883.52452
"13"	"YBL035C"	11222.13057	11456.73108	11221.7942	10816.62968	11735.35019	9607.545707
"14"	"YBL036C"	4888.821438	5004.365257	5048.142383	4865.52892	4847.896713	4814.105543
"15"	"YBL039C"	57600.04077	55156.89228	52061.99832	51307.54034	49983.05639	47946.54653
"16"	"YBL068W"	5281.104096	4525.585862	4629.499989	4452.86196	4436.300421	4358.829843
"17"	"YBL076C"	23281.94051	21829.64809	23032.09822	23685.685	23778.43925	23484.74363
"18"	"YBL079W"	1564.443453	1449.24268	1469.818132	1598.916895	1622.706274	1552.844241
"19"	"YBL085W"	1040.166157	1098.537188	1126.238739	1056.234327	1092.621204	1074.867825
"20"	"YBR023C"	1511.585725	1987.399205	2158.338271	1542.1683	1578.355676	1402.185458
"21"	"YBR025C"	36802.56823	37296.58484	36181.71735	36171.09676	36227.78442	37641.38774
"22"	"YBR034C"	37569.71143	36417.00188	36080.23305	33546.07826	34463.31321	31520.44691
"23"	"YBR049C"	7514.312272	8546.663492	8067.365244	7410.708594	7624.654166	6902.69439
"24"	"YBR073W"	1267.516655	1352.054889	1145.459132	1304.423178	1315.087503	1078.535946
"25"	"YBR084C-A"	97742.55789	91932.93658	88214.74173	88616.04209	89112.3834	91613.25843
"26"	"YBR084W"	11423.98381	11224.99919	10363.47611	10028.58741	9871.797716	10218.77854
"27"	"YBR089C-A"	4590.281414	4699.592336	4344.11076	4318.051046	4520.869471	4521.220441
"28"	"YBR092C"	951.7158019	842.4975695	767.070672	871.6683774	854.3154196	924.2530503
"29"	"YBR093C"	1112.447872	1114.886827	880.9121266	816.1415228	774.2251674	594.018222
"30"	"YBR095C"	1629.891555	1405.632199	1460.431309	1381.258211	1510.833533	1598.864075
"31"	"YBR101C"	13112.90071	12548.61287	12469.72108	12603.17956	11950.13227	11316.04952
"32"	"YBR106W"	61807.7694	57939.13938	57378.1306	54378.80727	51813.99337	47818.03159
"33"	"YBR112C"	3890.118013	3437.908513	4208.085014	4118.921294	4239.170161	3982.323878
"34"	"YBR121C"	98424.74495	96503.26723	97027.98402	98408.1482	98579.80399	99088.64974
"35"	"YBR130C"	1010.900703	1011.927389	873.1567089	823.0093376	794.0528471	886.3168214
"36"	"YBR142W"	981.420509	986.6273531	913.9243637	887.7581058	876.3744654	892.1005129
"37"	"YBR143C"	13112.90071	12749.62787	12910.14417	12937.87784	12980.48461	13803.77566
"38"	"YBR155W"	672.1270088	665.0699309	612.4735184	584.2946832	572.5784623	521.9176649
"39"	"YBR162C"	12316.72502	13357.87088	12751.24372	12299.80799	12938.24381	14328.23387
"40"	"YBR171W"	7820.703709	7831.41341	7991.915903	8451.551528	8765.831091	8268.202142
"41"	"YBR172C"	486.1322482	467.0370327	447.6914052	439.5207159	447.6357174	406.6003911
"42"	"YBR189W"	63349.64497	58090.03097	59340.14491	57702.11356	58248.82767	57832.07871
"43"	"YBR198C"	14834.29352	11834.79486	12346.77025	9803.963958	12601.43262	13913.53777
"44"	"YBR205W"	704.4806632	536.1142844	550.8104414	594.4524947	640.5713268	612.7562757
"45"	"YBR208C"	951.7158019	1025.77892	1003.455018	1043.73241	1123.690751	1150.994894
"46"	"YBR221C"	9969.900784	9982.180152	10324.58723	10690.35302	10760.76892	10564.67867
"47"	"YBR227C"	10868.08534	9027.375588	12524.86579	13679.55458	15038.65585	12233.48236
"48"	"YBR245C"	1498.298948	1519.909562	1539.229632	1557.209472	1527.69504	1474.374857
"49"	"YBR247C"	21578.12678	19944.69259	21137.47832	20359.90309	18967.24356	18571.40339
"50"	"YBR248C"	11846.50253	12050.20948	12058.73871	12836.9061	12776.75262	14069.15369
"51"	"YBR252W"	4339.080303	4114.500686	4119.699968	3800.924832	3930.887218	3907.069051
"52"	"YBR263W"	17715.96078	16491.84162	17125.5144	17105.21808	16735.13147	16293.85089
"53"	"YBR265W"	7696.481883	5300.747144	5400.07205	6281.059795	5378.298635	6543.609884
"54"	"YBR267W"	830.4242167	759.4896963	765.4139522	770.6160796	767.7272458	790.4274969
"55"	"YBR279W"	1040.166157	1187.073792	1111.779555	1066.255453	1119.870273	1042.732421
"56"	"YBR281C"	1935.542162	2099.797554	2045.892976	2072.332949	1942.357254	2078.9489
"57"	"YCL009C"	15792.5809	14916.30023	14447.44365	14686.58526	14735.77676	16755.16884
"58"	"YCL031C"	2606.882407	2744.020908	2632.675274	2525.211608	2562.390609	2489.152252
"59"	"YCL045C"	2835.839687	2707.038058	2892.789493	2806.666224	2836.496762	2720.500248
"60"	"YCL050C"	19606.96615	19167.62466	20237.80684	20389.87205	20237.16038	17857.54598
"61"	"YCL059C"	4339.080303	4566.56824	4456.703594	4250.072892	4338.875135	3781.422834
"62"	"YCL064C"	36601.50517	34453.33478	35113.82128	33591.691	32765.55736	29816.05196
"63"	"YCR016W"	1847.732991	1888.199086	2027.266744	1768.761552	1670.503168	1786.552659
"64"	"YCR034W"	3507.958726	3386.582019	3766.112532	3417.198997	3726.121718	3418.212618
"65"	"YCR047C"	1616.855581	1765.833489	1608.578452	1477.123237	1602.134742	1447.15034
"66"	"YCR052W"	2474.93209	2908.767943	2664.153363	2482.770632	2367.860888	2119.341073
"67"	"YCR053W"	26000.37041	24827.67811	26821.86501	26893.94287	27132.4958	26576.52469
"68"	"YCR057C"	16650.55818	14435.79098	14767.35138	14359.46632	14429.5901	13218.09142
"69"	"YCR060W"	1655.885285	1888.248177	1644.80331	1540.574126	1472.496609	1258.797111
"70"	"YCR087C-A"	3432.581433	3822.942825	3529.535077	3189.101519	3019.189568	3099.933517
"71"	"YCR093W"	4297.641365	3708.156035	4482.557882	4346.315129	4145.685215	4013.884451
"72"	"YDL040C"	7597.549342	7542.173991	7930.438964	7826.544826	7690.013886	7971.866537
"73"	"YDL058W"	2325.226499	2459.771362	2539.058224	2621.782873	2581.492259	2551.117631
"74"	"YDL060W"	1390.900226	1206.329656	1353.780325	1283.114267	1253.734819	1206.414916
"75"	"YDL061C"	5413.932878	5346.004144	5082.044223	5132.524264	5161.420312	5077.074888
"76"	"YDL063C"	2595.30427	2331.876117	2292.649216	2343.386093	2219.052464	2398.781012
"77"	"YDL064W"	2595.30427	2069.651188	2696.774802	2790.186371	2571.613618	2215.216001
"78"	"YDL065C"	5347.390686	4497.8631	4625.083096	5098.421485	4409.512354	3220.764961
"79"	"YDL078C"	3302.381076	3332.25685	3467.441976	3504.301895	3493.031742	3700.89234
"80"	"YDL082W"	133101.1188	177312.0784	134303.7189	157048.4863	101540.8401	132203.2568
"81"	"YDL084W"	51687.41119	49058.48589	49459.92501	49394.27623	50129.2188	50706.28144
"82"	"YDL092W"	7995.645699	8200.604627	8261.549579	8396.770483	8413.845713	7811.150842
"83"	"YDL095W"	41519.73472	38365.30783	40697.71441	40014.32028	41203.44657	39630.43809
"84"	"YDL099W"	5215.074324	5333.655138	5777.929145	5561.492626	5232.793335	4705.749797
"85"	"YDL100C"	17332.20464	16493.55506	17287.92345	17015.22534	16465.33158	15502.47926
"86"	"YDL112W"	861.1434607	810.2343383	812.1030029	802.3575566	789.51751	807.6033841
"87"	"YDL121C"	3258.69488	3263.738957	3047.378171	2879.110294	2795.282156	2319.532437
"88"	"YDL122W"	8965.919913	8790.093375	9105.07631	8925.529007	8501.877013	8952.554345
"89"	"YDL130W"	22448.48709	20085.68377	19288.11754	20384.96953	20828.36597	21448.06008
"90"	"YDL141W"	1972.867337	2233.7544	2273.118494	1955.899039	2005.414236	1712.279431
"91"	"YDL143W"	5534.976502	5734.658534	5633.759445	5464.627944	5268.775161	5345.210953
"92"	"YDL171C"	18915.44259	19647.12295	18341.57154	18564.69756	19654.20283	22256.00803
"93"	"YDL192W"	19342.62189	16270.27329	17798.69798	16367.16521	17115.44956	18239.93647
"94"	"YDL201W"	2630	2742.870327	2742.529402	2310.741744	2430.395956	2265.173991
"95"	"YDL205C"	8480.520214	8005.684622	8356.466646	6444.785259	6554.193351	8151.729664
"96"	"YDL213C"	8965.919913	8452.101403	8111.086336	7971.607266	7897.130332	6991.720347
"97"	"YDL229W"	170038.6345	148884.5483	152475.7537	151566.3144	156262.7643	150394.2513
"98"	"YDR033W"	182461.9225	195777.2562	178858.0446	197089.5611	225034.4211	253580.3423
"99"	"YDR060W"	15024.36161	16021.02909	14152.75118	14284.21278	13869.3519	13622.72712
"100"	"YDR071C"	8681.521714	9238.508147	9193.200134	9223.50467	8945.270924	9514.866393
"101"	"YDR083W"	2779.050022	2733.417053	2553.264932	2542.68103	2619.640553	2409.582221
"102"	"YDR087C"	6964.269049	5927.044748	6215.402353	6326.214553	6019.213327	6712.238268
"103"	"YDR089W"	172.1478324	155.904854	150.7686304	141.929448	135.4595908	146.1120017
"104"	"YDR091C"	6278.43555	5751.529166	6048.954527	6175.628167	6207.292037	6202.697017
"105"	"YDR097C"	5325.266696	4876.972457	5304.672014	5569.500762	5434.34253	5175.422942
"106"	"YDR101C"	45117.53069	44621.38768	42944.03075	40312.05114	40502.04339	37740.09686
"107"	"YDR120C"	15545.46074	14915.50667	14607.89799	14578.76813	13920.54315	13852.01162
"108"	"YDR152W"	10293.73198	6409.341097	8751.659992	9911.232929	8702.653884	7804.777275
"109"	"YDR165W"	5909.607347	5302.358151	5308.493643	5142.105088	5064.742985	4534.427879
"110"	"YDR170C"	3671.414453	3562.74378	3649.934129	3622.743685	3732.602321	3645.561469
"111"	"YDR190C"	11620.56742	12025.0514	11823.25802	11420.6346	11254.80528	11034.16214
"112"	"YDR194C"	10293.73198	9531.000037	10171.49944	9452.934663	7940.563836	10116.14616
"113"	"YDR211W"	33849.16986	32607.78837	31947.41166	31834.39263	31380.40621	31288.90619
"114"	"YDR214W"	13939.2416	14596.15149	14230.85064	12887.00228	12996.79406	11320.31189
"115"	"YDR233C"	37104.80191	38112.76013	37558.66248	36835.88562	38209.29905	37723.08372
"116"	"YDR234W"	7351.961801	6967.214758	7526.390856	7234.522134	7317.765116	8141.791555
"117"	"YDR264C"	4071.946074	3998.089378	4235.866332	3907.096441	3968.783197	3773.75734
"118"	"YDR292C"	1997.652247	1964.324049	1878.256659	2034.882861	1776.164845	1842.814524
"119"	"YDR299W"	15422.35445	15719.08088	14554.019	13268.55705	13035.76485	12645.57509
"120"	"YDR300C"	10429.60478	10252.66456	10101.40155	9644.622582	9163.147284	8838.552263
"121"	"YDR303C"	1753.188162	1883.168107	1953.230226	1713.185897	1663.899963	1695.128623
"122"	"YDR345C"	37205.71654	32665.8723	32537.1828	36764.51199	34498.51269	34734.39871
"123"	"YDR346C"	45224.74275	44333.50083	42568.97392	39390.51334	38922.12504	35696.75239
"124"	"YDR361C"	4590.281414	4610.571162	4549.813858	4445.352768	4234.060457	4385.017823
"125"	"YDR365C"	655.8032162	638.8292439	631.8305559	589.1772856	618.3619729	663.9164452
"126"	"YDR395W"	16290.42639	17126.03004	17624.66615	16079.07236	16365.84264	16098.79918
"127"	"YDR399W"	36501.10171	36790.57756	35250.98736	33393.73104	32729.47371	32238.81793
"128"	"YDR408C"	3910.193747	3937.040932	3488.47019	3669.094138	3641.859823	3149.023496
"129"	"YDR412W"	2948.573282	2797.375658	3183.448662	3054.65543	2872.321262	2743.355507
"130"	"YDR449C"	7523.610749	8891.205641	6716.496778	7643.84409	7079.037776	5875.353588
"131"	"YDR454C"	20507.28269	19502.29945	19442.3469	19937.0249	19598.18238	18936.37701
"132"	"YDR457W"	357.9774132	372.2515964	340.117026	405.8576741	346.8365785	352.6593179
"133"	"YDR465C"	1603.793112	1408.653394	1498.401879	1351.249324	1340.108948	1175.514109
"134"	"YDR481C"	3060.232559	2481.679216	2838.340362	2744.513895	2830.263865	2632.118722
"135"	"YDR483W"	13025.29661	11817.35639	12183.35691	12799.25208	13136.97588	13807.47444
"136"	"YDR493W"	279.4032574	342.2865829	311.3442545	280.4190406	237.5859877	227.1902635
"137"	"YDR500C"	19673.22572	19067.14901	17616.37031	16278.185	16875.31865	15017.01287
"138"	"YDR519W"	5402.824813	5554.136441	5705.709647	5812.131576	5798.706975	5490.549873
"139"	"YDR527W"	688.3516602	794.0575604	1041.719198	775.9119776	808.2918506	569.5569386
"140"	"YEL001C"	7108.890555	7283.027893	7553.313387	7812.024209	7860.286871	8045.02564
"141"	"YEL003W"	1655.885285	1679.166934	1708.427512	1649.831505	1680.73785	1601.309076
"142"	"YEL015W"	2343.073302	2537.30978	2578.424104	2557.311075	2482.589426	2262.846959
"143"	"YEL031W"	1872.926488	1847.339953	1896.841588	1905.533654	1857.686773	1796.816966
"144"	"YEL032W"	35099.97731	33034.97641	32167.74559	29135.53567	32526.98242	30077.40704
"145"	"YEL042W"	8681.521714	7168.803126	8038.493226	7757.676712	7667.191911	7335.641633
"146"	"YEL046C"	106018.1917	101011.6064	102995.0147	103140.9493	100876.1679	97264.35536
"147"	"YEL054C"	68483.79893	65425.52086	61100.79953	61770.99836	61965.17637	63500.5321
"148"	"YER002W"	2864.127232	2642.707291	2728.770607	2627.06513	2466.520581	2436.464661
"149"	"YER006W"	7133.083532	6982.44724	6620.151031	6458.864906	6291.725668	6045.349935
"150"	"YER007C-A"	4215.134277	4065.191672	4087.948554	4274.990488	3961.808962	3888.658391
"151"	"YER023W"	43518.85645	41989.4182	43300.51465	41721.42355	43087.24344	40465.26414
"152"	"YER036C"	17635.79701	17222.76977	16540.50555	16607.75961	16467.76089	17646.65299
"153"	"YER042W"	3071.341699	3040.785365	2748.380917	2678.630415	2481.59309	2190.296276
"154"	"YER049W"	8914.000141	8683.444682	8517.258673	8011.33094	7956.342852	7971.90816
"155"	"YER073W"	23316.87153	22099.5461	23714.49445	23255.25169	23166.59759	23581.29267
"156"	"YER082C"	5795.776334	6088.110763	4038.238045	5043.586492	4750.066945	4627.549422
"157"	"YER086W"	11874.83906	11267.96264	11589.46385	11791.93323	11697.31861	12259.04331
"158"	"YER089C"	12618.89407	13900.76476	12642.08716	13122.60915	13352.83855	12923.31679
"159"	"YER091C"	263886.2349	246630.1392	236964.0482	245020.4965	235516.3021	208317.1618
"160"	"YER099C"	8121.336004	8066.991302	8873.397741	7867.35667	7914.922885	7525.284557
"161"	"YER102W"	14388.30966	13553.74526	13417.13528	13357.40604	13717.11572	13828.31381
"162"	"YER110C"	38300.98543	34437.92443	34886.2718	34184.28002	33410.70085	34079.87741
"163"	"YER112W"	3443.374934	3574.397686	3212.47847	3480.605682	3786.255299	3646.934278
"164"	"YER114C"	688.3516602	1396.988296	617.6847303	541.3336308	397.8290824	466.2868481
"165"	"YER120W"	3497.215661	3487.76642	3608.785082	3541.478141	3560.130103	3351.803728
"166"	"YER126C"	8655.808529	7447.319503	6712.633213	6203.779703	5947.941678	6554.104785
"167"	"YER127W"	1431.411266	1799.803062	1855.752082	2147.495216	1728.497458	2343.901342
"168"	"YER131W"	503125.4583	502288.5284	437210.7838	378433.0187	339185.2942	302936.1533
"169"	"YER151C"	2205.345518	2142.621832	2196.056881	2186.182952	2317.725778	2141.484051
"170"	"YER155C"	1232.71254	1221.798223	1315.657982	1402.849796	1339.999209	1304.853996
"171"	"YER156C"	6081.633924	5672.544148	5672.126953	5864.058759	5627.532379	5861.461734
"172"	"YER159C"	5127.436254	4706.026724	4846.952402	4741.535551	5087.69795	4984.251255
"173"	"YER164W"	1616.855581	1783.629906	1726.000213	1724.247248	1652.858254	1562.671852
"174"	"YFL004W"	2914.868826	2887.655145	2730.663355	2663.022696	2663.239493	2457.837662
"175"	"YFL007W"	2595.30427	2817.308441	2747.417398	2852.116875	2621.567971	2324.706483
"176"	"YFL008W"	5705.20707	5825.460424	9336.291031	4446.041926	9851.412697	5772.161659
"177"	"YFL045C"	3497.215661	3182.405243	3220.756187	3314.393344	3329.052843	3379.905267
"178"	"YFL047W"	1746.07334	1500.272037	1786.723051	1930.62632	1386.054063	1728.331123
"179"	"YFL048C"	2903.612241	2537.185304	2589.764925	2680.66035	2781.116144	2790.471174
"180"	"YFR002W"	15545.46074	19757.61244	18887.43204	16223.2716	16680.13504	15242.65492
"181"	"YGL008C"	1255722.326	1213602.482	1102196.02	1139161.632	1176985.126	1283648.161
"182"	"YGL009C"	96329.45366	99994.44209	97845.98458	98027.99659	95231.45062	94691.30286
"183"	"YGL011C"	15207.64991	15726.26513	16551.05207	15952.70498	15864.07899	14539.38142
"184"	"YGL014W"	720.5172912	754.7954613	654.1840419	721.1873748	617.4963518	642.384442
"185"	"YGL019W"	8121.336004	8309.412308	8269.392412	7391.85907	7321.895205	7759.816264
"186"	"YGL020C"	2253.48995	2198.099784	2135.156941	2097.678332	2058.712005	2036.513086
"187"	"YGL022W"	3004.533419	2867.354489	3104.723793	3104.647059	3011.676537	2834.803088
"188"	"YGL027C"	2835.839687	2789.637108	3032.082317	3191.327237	2660.60404	3416.612852
"189"	"YGL030W"	59318.74947	55076.62872	50024.40244	49377.06679	49031.62695	51482.89869
"190"	"YGL031C"	247377.6215	237917.482	241002.6595	236349.6064	240712.5207	229301.3625
"191"	"YGL039W"	2343.073302	2303.392085	2216.887346	2122.739221	2113.816103	1847.009707
"192"	"YGL049C"	3389.321577	3486.184027	3569.654705	3748.091159	3765.746013	3766.651071
"193"	"YGL050W"	3389.321577	2764.054145	3205.91075	3359.974672	3633.65207	3054.668709
"194"	"YGL067W"	845.8189247	1055.747075	1025.73698	897.9206134	932.4899668	886.6883002
"195"	"YGL076C"	101440.7929	110839.8946	102371.4632	95532.19606	96433.31224	95404.63851
"196"	"YGL078C"	38934.18232	38439.48367	37041.10889	36687.06936	36125.09421	36721.6871
"197"	"YGL092W"	4632.572128	4622.202219	4726.944428	4083.139786	4433.872395	4123.772908
"198"	"YGL099W"	19425.11	19393.26029	17904.95955	18330.49024	17416.90095	17912.14476
"199"	"YGL101W"	1498.298948	1670.076549	1911.291374	1547.870925	1907.81802	1847.259407
"200"	"YGL111W"	2744.835938	2725.979974	2805.812021	2602.885212	2492.712832	2347.573096
"201"	"YGL115W"	11676.92473	9191.13982	10545.72297	10848.6949	10714.98677	10011.71466
"202"	"YGL120C"	16910.00072	16391.25514	15531.23088	16763.17244	16363.04406	15770.24977
"203"	"YGL122C"	9671.698819	10418.79308	9554.685312	9190.061223	8388.643763	8104.111547
"204"	"YGL133W"	2606.882407	1699.956292	2020.002343	1208.349395	2188.455298	1553.023791
"205"	"YGL147C"	52359.45941	46243.90295	48473.22604	50175.541	50141.80708	50387.90859
"206"	"YGL148W"	2313.309473	2267.252447	2126.152325	2110.287524	2166.049086	2267.885137
"207"	"YGL150C"	6278.43555	6770.930495	9976.761067	10104.71714	11611.70493	8382.524867
"208"	"YGL164C"	3671.414453	4359.21525	3079.573328	3881.664412	3329.448173	4343.847847
"209"	"YGL169W"	538.4095771	470.7309412	484.8109254	459.6106975	451.5374032	425.0044076
"210"	"YGL173C"	11676.92473	11617.61376	12255.05258	11840.04984	11719.46999	11026.71624
"211"	"YGL195W"	7327.540918	6869.892263	7388.656578	7549.509467	7408.486011	7141.359873
"212"	"YGL200C"	26817.41425	27485.21667	28253.74995	27710.67105	27568.49111	26818.393
"213"	"YGL201C"	13435.66707	11213.06499	9155.885997	8445.393539	10215.83727	12395.02738
"214"	"YGL232W"	2630	2774.978194	2657.838292	2466.82084	2576.976487	2477.935723
"215"	"YGL234W"	35800.67676	34093.95431	36461.17958	35235.90432	33796.59837	30848.82169
"216"	"YGR001C"	3060.232559	2777.674439	2936.336711	2865.596223	2991.520186	2775.557962
"217"	"YGR005C"	519.6820309	495.6935008	540.5996335	570.2458592	554.875399	530.0656338
"218"	"YGR017W"	2835.839687	3080.224968	2969.147247	2842.86485	2635.156971	2555.349285
"219"	"YGR020C"	4051.616146	4336.313569	3847.332244	3563.391014	3892.749457	4309.427157
"220"	"YGR024C"	1169.430224	1147.442196	1300.871623	1242.13117	1278.976698	1286.729874
"221"	"YGR034W"	33236.30537	34532.95194	32625.56041	32451.42672	32351.14358	32478.24435
"222"	"YGR061C"	40769.82377	37522.04184	37847.43718	36596.56946	35331.96536	32878.05234
"223"	"YGR082W"	5682.633923	5435.29229	5521.677163	5570.900091	5466.263518	6191.325171
"224"	"YGR090W"	3258.69488	3078.980834	3385.94924	3316.735284	3315.196405	3234.156525
"225"	"YGR094W"	358	339.2276119	337.238549	344.0603355	350.6178197	364.740033
"226"	"YGR116W"	8888.075319	8871.116121	9262.478055	9040.974788	9110.196747	9002.753915
"227"	"YGR119C"	9305.265894	9229.500047	9359.927875	9817.066337	9347.996466	8933.760434
"228"	"YGR123C"	6988.308614	6573.964441	6437.748388	6624.552541	6432.556223	6497.704507
"229"	"YGR128C"	16761.48064	17458.74641	16413.76737	15687.92774	15804.10668	14627.45549
"230"	"YGR148C"	36883.08897	35879.77446	34835.79074	36409.92545	36385.99874	35677.55116
"231"	"YGR157W"	1809.779588	1818.571246	1857.222913	1868.271739	1775.858946	1774.867004
"232"	"YGR159C"	77437.20787	73538.78776	68345.52628	65278.85007	63681.93222	60658.30511
"233"	"YGR162W"	9755.80372	10233.86587	9747.501677	9240.088927	8823.237348	8563.96769
"234"	"YGR173W"	6197.164469	6570.839501	5961.135577	6019.799036	5831.265043	5415.161294
"235"	"YGR175C"	65383.60778	62476.15103	58865.05678	55104.31112	54150.81523	53673.77395
"236"	"YGR178C"	2869.776294	2870.56054	2880.221886	2810.413318	2694.87677	2602.412953
"237"	"YGR185C"	2710.497904	2792.200476	2620.139532	2734.889599	2783.505358	2965.846506
"238"	"YGR186W"	1923.060261	1886.191883	1647.340837	1774.63908	1682.34507	1724.908727
"239"	"YGR187C"	20843.89598	18491.59578	20332.77192	18474.79045	17735.31081	16323.469
"240"	"YGR200C"	6093.156634	6186.976362	6285.754107	5876.97298	5951.144749	5992.47164
"241"	"YGR204W"	35641.17114	35658.22399	34160.82387	34130.42706	33355.65406	32375.15819
"242"	"YGR208W"	13849.95894	13286.64909	12389.19746	12718.24765	12594.08715	12657.46486
"243"	"YGR210C"	11592.42046	11440.93326	11086.6382	11816.87736	12258.82639	12310.84799
"244"	"YGR211W"	39859.04074	35739.55519	36612.60188	36244.50062	33027.12356	30533.79492
"245"	"YGR229C"	5682.633923	5710.904978	5323.325532	5519.259958	4949.759224	5817.193366
"246"	"YGR233C"	2926.114486	2659.461625	2791.339342	2730.731592	2802.828143	2561.543446
"247"	"YGR234W"	12966.99506	12262.22274	11745.05618	11263.08036	10821.24704	9912.458045
"248"	"YGR245C"	3637.908816	3128.70992	3213.251144	3239.153764	2954.044255	3116.473629
"249"	"YGR264C"	85016.15352	85671.94954	84980.25353	82285.93448	81150.37275	77231.2129
"250"	"YGR271C-A"	2835.839687	2721.707183	2670.256845	2611.240807	2426.482205	2316.596721
"251"	"YGR275W"	1551.271682	1771.918128	1595.852052	1485.176341	1508.46278	1437.650108
"252"	"YGR280C"	3850.062764	3821.44981	3547.275779	3260.374764	3275.291471	3199.773253
"253"	"YGR285C"	86409.01454	85615.14663	82249.46041	80639.83179	78770.41849	77389.31503
"254"	"YHL001W"	35104.47267	35550.18415	35690.33375	34823.9735	36183.63485	34113.21938
"255"	"YHL007C"	258.915893	256.8476177	221.9527786	253.7340809	210.6298505	182.5625256
"256"	"YHL039W"	5171.19776	4149.071752	8450.789534	4998.345848	6004.822384	4666.385762
"257"	"YHR010W"	7376.407847	7005.741672	7009.310932	6956.651172	6877.465356	6678.934086
"258"	"YHR013C"	3313.279871	3405.840456	3466.91415	3224.994795	3223.751156	3124.677126
"259"	"YHR023W"	2144.790022	2343.228444	2330.040547	2361.506219	2285.686981	2043.415931
"260"	"YHR025W"	92610.39148	92863.69107	91924.74427	92503.28797	90922.11367	85443.63339
"261"	"YHR039C"	2502.203353	2566.228682	2458.449814	2369.26411	2435.715177	2493.818388
"262"	"YHR042W"	46625.646	44775.2012	43934.26196	42651.85335	40661.02739	39193.83609
"263"	"YHR052W"	45869.66773	46548.57444	45266.57364	42005.85544	42069.59885	40897.36793
"264"	"YHR063C"	2595.30427	2598.387797	2659.922622	2544.807017	2599.154662	2546.787393
"265"	"YHR066W"	8146.546862	8198.204382	7433.405381	6753.917025	7046.220761	6134.518359
"266"	"YHR068W"	7597.549342	7570.50033	7503.517967	7450.282154	7345.643972	7163.011879
"267"	"YHR084W"	1923.060261	1962.817858	2030.734588	1972.094063	1947.809598	2378.7329
"268"	"YHR088W"	783.7988873	730.2774295	679.7194148	651.8469507	634.6346744	599.3972393
"269"	"YHR089C"	5727.807926	5232.893972	4746.142112	4988.66666	5083.47648	5585.280105
"270"	"YHR098C"	12187.92069	11009.82347	13758.4945	11986.78625	11292.21338	12280.1311
"271"	"YHR107C"	1169.430224	1170.202751	1180.815039	1196.342583	1149.080437	1191.055382
"272"	"YHR108W"	2265.485518	2287.619872	2460.124058	2496.139269	2535.20678	2421.641012
"273"	"YHR117W"	4112.700375	3820.924043	4086.987861	4224.475836	4096.723881	4283.188356
"274"	"YHR121W"	8323.698854	8364.122117	8462.823698	9162.518754	9534.79463	9807.902515
"275"	"YHR132C"	468.3946501	908.181284	737.6972606	1297.895811	1446.619372	485.8008172
"276"	"YHR135C"	1629.891555	1584.641963	1761.286768	1698.253783	1822.455826	1692.046511
"277"	"YHR143W-A"	906.7142854	864.6480308	806.7069547	829.9094012	839.3396223	793.1607993
"278"	"YHR158C"	1350.090109	997.4662063	954.3523549	955.5548451	949.7835818	851.7437169
"279"	"YHR163W"	3421.779388	2962.334312	3723.652914	3785.56145	2555.091171	3098.828772
"280"	"YHR170W"	11894.89889	11804.30284	12122.87657	11091.1938	11506.83155	10651.81595
"281"	"YHR179W"	15131.19611	15283.99461	14718.40514	14509.19348	13895.23188	12579.75883
"282"	"YHR188C"	1681.776763	1580.337076	1583.485341	1600.431666	1641.694037	1693.357516
"283"	"YHR196W"	20005.56015	19796.48151	17456.69673	20495.22592	19513.71824	20968.62329
"284"	"YHR197W"	7820.703709	6389.835699	5674.354017	6042.268143	5585.430976	6197.635955
"285"	"YHR201C"	3170.875939	2836.85592	3160.033305	2941.187074	2944.012683	2861.238912
"286"	"YHR205W"	3850.062764	3881.269028	3856.980319	3671.386619	3645.864165	3718.090468
"287"	"YHR208W"	87301.77443	86750.52683	86559.05746	92420.61761	88273.15379	91900.71728
"288"	"YHR215W"	3291.473224	2883.33692	2098.368004	2120.093535	2105.88269	1678.738469
"289"	"YHR216W"	7870.564691	8799.706378	7255.489067	7594.204342	7267.807477	8364.127494
"290"	"YIL009W"	6441.958021	6803.37735	6097.193768	6653.346239	6388.32118	6568.542219
"291"	"YIL015W"	672.1270088	602.5299068	648.8989853	589.9089284	678.9240677	664.779991
"292"	"YIL035C"	7181.545814	8059.115257	7731.793333	7418.811262	7503.986752	6958.406618
"293"	"YIL039W"	1069.225892	1264.849062	983.7515189	1058.542325	1082.909003	1134.384641
"294"	"YIL044C"	5347.390686	5395.796441	5725.087773	5622.439118	5610.243905	5649.793148
"295"	"YIL051C"	168102.0218	166192.1463	153824.9985	150366.4745	147683.4086	142068.9405
"296"	"YIL052C"	21012.83814	21351.67078	17759.27952	18267.19497	18492.04938	19861.34808
"297"	"YIL069C"	6162.434602	5896.9245	5553.066462	5700.627709	5725.399173	5892.590841
"298"	"YIL094C"	19079.39238	18161.35451	19489.20068	20262.60571	20215.60139	18508.89288
"299"	"YIL115C"	1225.722176	1325.619169	1306.026231	1124.391389	1063.241959	1087.133067
"300"	"YIL118W"	5909.607347	5719.061616	6226.65839	6062.044679	5918.896376	6377.150727
"301"	"YIL126W"	1985.269522	1983.877711	2966.930331	3162.490207	3326.206856	3016.915665
"302"	"YIL130W"	395.6283435	577.3875954	499.3785036	438.7100192	475.9311412	416.3366587
"303"	"YIL133C"	43307.05407	42115.61002	41773.30819	41213.24661	40911.3843	40505.3573
"304"	"YIL145C"	2402.318293	1862.822561	2022.78801	2111.845666	1804.309567	1901.988374
"305"	"YIR004W"	8965.919913	8979.253826	9380.753267	8880.977473	8690.274564	8893.84894
"306"	"YIR026C"	7572.878254	7657.103006	6415.498523	7486.763437	6073.48414	5591.042978
"307"	"YJL001W"	7254.42956	6670.975862	6319.47785	5387.055757	5221.63378	5407.333501
"308"	"YJL002C"	11889.01519	10945.51012	12059.39978	12117.94805	12370.92757	11229.31691
"309"	"YJL033W"	7895.531974	6362.630087	8009.485153	6112.548925	7145.144649	7007.984741
"310"	"YJL034W"	336941.8927	331735.4622	324340.2395	315579.2809	308504.6094	287557.6996
"311"	"YJL041W"	2396.410458	2219.387723	2390.007061	2347.475177	2364.455066	2161.792297
"312"	"YJL050W"	12503.51456	12116.71445	11663.74495	11567.62096	10792.80052	10475.78553
"313"	"YJL061W"	9470.962692	12959.18874	17225.29387	13326.987	17742.79483	11511.64746
"314"	"YJL074C"	2664.580961	3244.292368	1842.782002	2471.797593	2833.82126	2692.7996
"315"	"YJL076W"	1590.703824	1618.796899	1732.152094	1819.616976	1807.661368	1729.448645
"316"	"YJL087C"	3111.27159	2610.337575	3141.411792	3050.835899	2858.700065	2821.401981
"317"	"YJL109C"	18231.66612	17284.07003	17622.98336	17774.11948	17115.37354	16370.33149
"318"	"YJL115W"	6231.95475	6841.649666	6492.201239	7414.985906	7222.959868	6949.276468
"319"	"YJL121C"	3313.279871	3241.131739	2775.208528	2855.583426	2816.721401	3001.530782
"320"	"YJL123C"	2156.935194	1989.2546	2404.43319	2365.243526	2243.508931	2116.012621
"321"	"YJL130C"	11006.25315	10518.91929	10846.99795	12648.25404	12724.15883	11316.464
"322"	"YJL136C"	15299.55192	14566.71075	14234.90465	14502.86932	14706.17358	14669.56382
"323"	"YJL145W"	6535.982337	6535.75258	6357.185131	6747.506443	6654.220005	6573.175124
"324"	"YJL148W"	3362.213572	3388.320829	3020.388327	3070.655587	3181.406371	3075.526455
"325"	"YJL173C"	4276.968159	4016.23952	4281.862343	4388.704732	4268.785433	4595.824711
"326"	"YJL176C"	3148.825924	3071.334959	3437.794541	2923.634918	3229.592296	3063.408937
"327"	"YJL177W"	21097.46753	20673.50966	20608.19543	20532.39631	19640.62358	18661.09117
"328"	"YJL183W"	3475.704567	3830.289265	3529.422035	3370.139798	3659.263177	3125.955986
"329"	"YJL186W"	11395.98539	8632.840669	8180.08525	8567.76537	8126.084499	7055.362776
"330"	"YJL191W"	3367.639559	3350.116892	2876.132351	2862.032491	2836.369878	3067.489839
"331"	"YJL200C"	4674.982815	4695.367089	5106.668579	5361.513707	5319.813841	5599.519452
"332"	"YJL217W"	720.5172912	658.8145323	640.8396838	552.0127116	569.7845109	461.8991574
"333"	"YJR003C"	3280.556272	3131.123359	2844.681356	2787.812102	3038.151219	2348.71783
"334"	"YJR007W"	17077.81868	16191.32409	17196.53294	17404.96953	17257.55627	17100.42819
"335"	"YJR017C"	4401.469188	4549.360928	4170.347711	4217.277489	4470.438194	4602.779625
"336"	"YJR032W"	3225.833379	2610.838846	2828.98648	2733.598543	2321.981006	2553.663428
"337"	"YJR048W"	7327.540918	7314.574842	7506.365046	6418.208437	6587.431841	5495.176595
"338"	"YJR051W"	432.3971638	439.5702028	432.0552662	444.9082233	460.5041657	395.7182714
"339"	"YJR063W"	8450.956611	8395.196136	7429.781055	7551.574683	7160.099425	7459.597513
"340"	"YJR068W"	4607.515517	4141.816294	4302.052738	4358.389833	3904.632948	4751.499612
"341"	"YJR069C"	3486.464288	3455.802036	3292.529527	3204.440676	3128.087084	3001.296911
"342"	"YJR070C"	39859.04074	37330.96244	36392.22791	35908.86263	34909.751	36217.96268
"343"	"YJR072C"	15207.64991	16768.99126	16535.67151	15137.22918	13905.03104	12868.15165
"344"	"YJR075W"	7157.301963	6059.40753	7105.457742	6904.214869	7434.080479	7875.934358
"345"	"YJR105W"	22172.76952	21492.51835	19507.78365	19736.31031	19911.60043	20161.80422
"346"	"YJR131W"	8260.294776	6680.042553	7684.581942	7843.485442	8072.235939	6927.589903
"347"	"YJR139C"	48916.39216	47054.25591	46319.97824	46836.5019	50036.09271	51086.84213
"348"	"YJR143C"	1267.516655	1091.836899	1157.065721	1184.800198	1307.23202	1355.835718
"349"	"YJR145C"	572.5565101	556.9985039	509.1139132	509.0044347	503.3162638	534.8610306
"350"	"YKL006W"	45332.03362	44179.04941	43748.50345	43005.56917	43130.39746	44392.19031
"351"	"YKL008C"	2835.839687	2697.085256	2763.726378	2989.982276	2977.438826	3095.405094
"352"	"YKL009W"	18166.95254	17661.08313	15500.41729	15435.28601	14765.56391	15237.42429
"353"	"YKL014C"	5886.786301	6148.350539	5864.30072	5572.704632	5444.195421	5051.465475
"354"	"YKL024C"	1498.298948	1437.230246	1430.491741	1468.345177	1471.483207	1453.896468
"355"	"YKL027W"	1169.430224	1351.052028	1243.412179	1191.537334	1085.207585	1018.139137
"356"	"YKL029C"	10456.84551	10104.60587	9913.268771	10108.90104	9661.771774	9306.297292
"357"	"YKL056C"	27826.59029	27840.20979	25026.58552	24327.42868	23632.27387	22229.30599
"358"	"YKL059C"	1126.761005	1959.804954	1164.415169	1285.896282	450.5671371	1330.06077
"359"	"YKL060C"	1018216.061	1033721.786	966283.3942	997061.4598	993916.1138	1132697.999
"360"	"YKL081W"	102130.3066	98204.62432	97515.84071	98862.87013	98951.3402	99439.91037
"361"	"YKL120W"	5347.390686	4411.104138	4708.280171	4331.18089	4101.377494	3704.124362
"362"	"YKL122C"	3400.149501	3449.117769	3601.453079	3599.994788	3704.729305	3719.233511
"363"	"YKL127W"	9822.554269	10162.42712	10257.32064	9778.545037	9629.224762	8536.701042
"364"	"YKL144C"	752.325536	921.0242509	889.2431846	588.5335465	423.3251671	772.2740371
"365"	"YKL154W"	8247.632	8022.569746	8479.135536	8077.170638	8386.11242	7754.066945
"366"	"YKL173W"	299.5191021	277.1921137	292.9961758	296.7749116	318.1581096	267.4868304
"367"	"YKL179C"	2653.066587	2805.289035	2944.553411	2915.046575	3033.94083	2746.398268
"368"	"YKL181W"	11676.92473	11305.47499	11161.80287	10929.90976	10625.06946	10027.33881
"369"	"YKL182W"	91807.92524	88081.33758	85654.66678	85991.3351	86713.50591	83921.79065
"370"	"YKL191W"	3486.464288	3675.442077	3077.031545	2890.705227	2783.714456	2740.138246
"371"	"YKL192C"	60512.33947	66581.12043	59949.03847	63730.38941	64719.30189	67589.79977
"372"	"YKL204W"	3236.79653	3202.230158	3486.117056	3383.800765	3485.439183	3232.511585
"373"	"YKL212W"	48039.71575	48299.30665	50448.31164	50644.64363	50745.81137	48187.22423
"374"	"YKL214C"	1308.967217	1501.705501	1115.218541	1359.609099	1174.557311	1204.559936
"375"	"YKR024C"	1458.258755	933.757127	1120.57342	1327.811514	588.8139454	1121.87173
"376"	"YKR025W"	1590.703824	1502.369474	1315.747617	1284.724497	1358.9536	1161.734573
"377"	"YKR026C"	8965.919913	7755.111292	9019.67789	8978.098375	8750.865643	8799.886036
"378"	"YKR043C"	11452.0035	10735.33056	11199.61847	11373.91902	11316.48631	10976.30496
"379"	"YKR059W"	106018.1917	101614.3034	99927.86562	100753.1139	99245.05064	100266.6666
"380"	"YKR071C"	1047.450039	1063.44654	1009.924222	994.5655401	975.5914167	1000.725413
"381"	"YKR072C"	3750.4889	3772.331054	3779.828501	3491.412346	3200.012973	3493.46655
"382"	"YKR074W"	1225.722176	1260.222745	1259.000343	1218.845551	1219.705458	1159.865455
"383"	"YKR080W"	16196.71611	15891.56762	16607.56266	16381.08471	16467.91119	16171.00589
"384"	"YKR081C"	32362.508	29329.25577	33113.66378	32084.16865	31494.62871	28819.09905
"385"	"YKR082W"	3060.232559	2837.164032	2643.513303	3460.493314	3226.807044	3338.415283
"386"	"YKR092C"	12937.8747	13106.90939	14623.37313	10376.93079	10513.56313	11323.14416
"387"	"YKR094C"	28196.41589	26060.69528	24915.14959	24612.70777	24913.55211	23982.86383
"388"	"YLL011W"	6624.614176	6090.353306	5245.440991	6305.046956	5756.595145	6181.297092
"389"	"YLL021W"	274.3178526	264.2375658	280.3058646	263.345356	273.162338	243.3428381
"390"	"YLL034C"	4485.082266	4271.745675	4260.127072	4000.536332	4147.42896	4209.244018
"391"	"YLL045C"	80188.87096	78122.774	76243.82821	75645.03657	72924.28388	75724.03438
"392"	"YLR002C"	11747.49006	11004.81865	10457.61028	10651.38667	10624.34675	10881.59699
"393"	"YLR017W"	4824.359039	4575.630608	4805.3045	4924.940668	4769.826087	4605.122135
"394"	"YLR022C"	5062.010543	5611.608858	5227.664533	5477.124506	5206.386594	5103.284832
"395"	"YLR056W"	36200.40475	29045.64228	28176.66936	28036.48719	27393.05288	26459.71948
"396"	"YLR061W"	60394.9954	55301.59725	57193.45605	57708.44083	58915.50419	61499.70536
"397"	"YLR068W"	1458.258755	1195.146371	1177.484858	1278.788016	1074.464319	995.0263902
"398"	"YLR074C"	5626.322559	5207.974774	4957.281334	4895.086815	4769.400938	5041.52205
"399"	"YLR086W"	572.5565101	753.3091046	697.1463314	578.7853204	551.4072532	466.5389
"400"	"YLR089C"	9956.477576	10382.10193	11755.39202	11002.97802	11646.89685	10328.7528
"401"	"YLR126C"	1511.585725	797.125316	1119.163279	1068.617154	371.6403446	929.6046646
"402"	"YLR129W"	9622.726661	8805.604395	9115.204835	8586.107569	8636.401447	8384.510957
"403"	"YLR143W"	2265.485518	2441.520237	2467.048325	2296.839266	2224.763218	1900.076451
"404"	"YLR172C"	13479.86873	13897.6685	13819.66208	13562.50312	13217.62502	12233.9471
"405"	"YLR175W"	33648.75389	31598.81553	30124.0879	30465.83681	29793.63908	29266.61028
"406"	"YLR179C"	6231.95475	6072.682719	5748.655992	5438.125698	5341.580689	5278.165222
"407"	"YLR192C"	17876.62581	17070.14992	17787.34423	17410.81176	17400.59632	16303.87503
"408"	"YLR196W"	43837.15966	41942.22833	43780.22356	41671.66548	44889.90551	41405.56831
"409"	"YLR197W"	13520.5432	12504.11694	12570.60118	12229.76597	11806.74813	11883.86082
"410"	"YLR200W"	783.7988873	800.0454641	790.0181725	762.9975304	762.3819823	699.8136994
"411"	"YLR209C"	1629.891555	1632.835171	1694.433241	1556.965232	1672.159802	1587.177703
"412"	"YLR212C"	7202.676928	6783.003868	7320.741813	7013.650381	7033.755172	6530.334527
"413"	"YLR214W"	891.5894029	761.4531117	639.2900556	545.1621806	507.2314145	389.0019031
"414"	"YLR215C"	4845.817038	6276.725877	5238.399645	4341.19969	3964.924267	3787.036231
"415"	"YLR216C"	18621.44064	19782.3874	20219.70584	19503.33112	19042.13194	16993.49585
"416"	"YLR222C"	8070.986999	7539.880478	7936.815034	7481.777448	7289.106356	6940.623272
"417"	"YLR244C"	19590.41208	18320.80976	19209.60504	18842.97973	18390.13722	17749.13343
"418"	"YLR249W"	870577.6794	799104.1938	758034.793	778524.2612	775629.217	812171.5572
"419"	"YLR274W"	10330.85284	11370.3408	11373.52519	10715.84832	9711.964673	9312.977607
"420"	"YLR285W"	7278.774766	7981.262453	7145.311391	7577.950201	7211.924214	8427.214673
"421"	"YLR291C"	6652.563309	6730.277367	6255.935319	6537.83996	6104.691924	6288.553778
"422"	"YLR301W"	15437.72615	15000.28433	17182.76808	16737.38832	15507.80072	15373.95153
"423"	"YLR304C"	96654.98837	100486.5262	98852.06959	101089.9676	117357.0666	130640.9004
"424"	"YLR309C"	2349.014632	2567.338936	2481.52187	2350.399359	2496.736055	2294.503377
"425"	"YLR319C"	2606.882407	2318.352007	2668.455187	2636.54262	3021.651844	2508.824384
"426"	"YLR330W"	172.1478324	172.6097621	162.9628616	161.3376521	163.7824097	164.9420765
"427"	"YLR333C"	162333.6387	161714.6927	154257.7141	150794.9395	151919.8029	155425.7509
"428"	"YLR335W"	2959.786543	2951.231686	2913.995286	2833.678613	2755.404282	2802.712658
"429"	"YLR336C"	3060.232559	2846.474747	2580.338649	3026.740965	2665.72923	3192.905854
"430"	"YLR347C"	51705.2244	52017.27258	50798.98342	50206.66654	49505.34293	52732.73652
"431"	"YLR355C"	882840.6689	833088.2983	867291.4008	847012.0443	844630.1898	790283.5899
"432"	"YLR367W"	19739.55451	18583.07749	18204.41024	18280.49461	18596.25664	19153.26247
"433"	"YLR370C"	1923.060261	1754.406297	2130.239422	1592.084173	1915.927534	1685.384504
"434"	"YLR378C"	24762.90719	21455.48759	23851.58203	25287.28366	25264.78155	25930.54047
"435"	"YLR380W"	9596.179297	10073.80505	9244.633778	8767.661491	9715.246408	9327.872711
"436"	"YLR384C"	10538.69968	10669.17207	10131.33	10037.45904	9392.137889	9684.083439
"437"	"YLR388W"	6488.917408	6521.894096	5654.24666	6199.463686	6020.446174	5907.681992
"438"	"YLR398C"	5773.092599	6182.804768	6908.819134	6367.627575	7272.388666	6153.826447
"439"	"YLR401C"	3632.073559	3499.547078	3959.818959	4322.955485	4143.365973	3796.996922
"440"	"YLR413W"	4276.968159	3942.835764	3421.931507	3588.039436	3484.251295	3712.141415
"441"	"YLR419W"	194.7116977	191.5148858	165.2213066	182.1346978	154.9489993	171.8033255
"442"	"YLR432W"	26271.84743	26994.96183	25074.20009	25653.6702	27069.57744	31136.58546
"443"	"YLR441C"	92449.72517	88366.3402	87634.49637	88397.42373	88144.6124	90448.22179
"444"	"YLR448W"	38423.28842	36632.28292	36299.00649	35321.9927	36247.1819	35066.12166
"445"	"YLR449W"	14148.25755	15181.12017	13446.22926	12754.27236	12076.00534	11119.79726
"446"	"YLR452C"	5978.234368	6034.866963	5410.348205	6101.562488	5606.645809	6064.546003
"447"	"YML008C"	53824.75282	54922.43553	52671.64652	51115.48917	49816.22443	46814.93129
"448"	"YML010W"	2343.073302	2485.701026	2573.091146	2455.42503	2470.137312	2307.430063
"449"	"YML013W"	12618.89407	13133.41776	12549.02916	13851.88482	12911.62346	12232.69575
"450"	"YML022W"	11200.59399	10945.54245	8482.786565	8574.316844	8482.273967	9159.036312
"451"	"YML024W"	30922.32837	29814.21136	27523.28691	27460.90035	27536.02843	28986.64451
"452"	"YML026C"	112075.6792	111953.4049	100982.7213	94834.26361	90995.74365	98630.74373
"453"	"YML031W"	3029.183932	3543.289003	3284.444988	3216.387008	2981.037082	2627.016321
"454"	"YML032C"	1083.681248	1318.39013	886.454925	1168.183597	1052.523187	1140.675808
"455"	"YML056C"	2970.989127	2663.4825	2575.077105	2523.044789	2361.6914	2185.760845
"456"	"YML086C"	6185.581127	5903.907963	6314.769277	6210.56703	6268.457911	6326.780211
"457"	"YML093W"	1471.635869	1387.108477	1312.413209	1282.248814	1295.774099	1248.826473
"458"	"YML094W"	2903.612241	2881.907706	2890.46627	2837.352526	2772.604646	2687.417678
"459"	"YML103C"	11676.92473	13715.27518	13002.06982	11165.2973	11231.57338	9687.225415
"460"	"YML123C"	334706.083	239462.559	202132.7492	232705.6275	260320.7698	237245.4955
"461"	"YML124C"	12331.06249	11494.28436	12389.65026	13258.5018	13927.72106	12218.68254
"462"	"YML125C"	29034.03018	27783.40661	27733.06892	26151.06109	25480.91462	24817.21515
"463"	"YML126C"	34807.39941	34531.80406	34207.30755	34837.07533	34353.90767	33851.56528
"464"	"YMR004W"	2205.345518	2251.279764	2978.985853	2506.088835	2566.949041	2220.290235
"465"	"YMR012W"	16951.06359	15812.82442	17238.84295	17047.75295	17403.33712	17103.83637
"466"	"YMR016C"	314.3846601	340.3877433	311.4715498	292.7527626	319.5703745	281.4906743
"467"	"YMR024W"	299.5191021	316.7760028	337.5316102	364.2106103	324.1523624	321.4077532
"468"	"YMR049C"	2676.082832	2679.162808	2479.571278	2383.121522	2400.240898	2380.425276
"469"	"YMR074C"	2548.860755	2478.15676	2485.490992	2321.279751	2449.029813	2449.733403
"470"	"YMR076C"	7721.276914	6463.791537	7313.122385	8062.553555	8812.939111	8566.540954
"471"	"YMR079W"	84293.64517	79519.69986	86619.98867	87534.01264	82947.57734	83917.89384
"472"	"YMR080C"	6093.156634	6142.363554	6477.322129	6302.027066	6282.571019	6286.34835
"473"	"YMR083W"	11648.73551	11340.08529	11556.47361	11501.67767	11888.21324	11264.73143
"474"	"YMR089C"	11466.02132	42095.38436	31180.73373	40542.80904	15569.31857	21030.58434
"475"	"YMR091C"	3507.958726	3577.54086	2339.215285	2784.28915	2868.482972	3858.759566
"476"	"YMR108W"	31880.19319	30153.799	29633.35511	29541.83993	28485.6303	28705.17932
"477"	"YMR116C"	333111.9029	321159.4484	296756.9521	286104.7623	285717.6479	308202.2466
"478"	"YMR120C"	60864.7948	58537.8297	61286.8402	57292.0813	54845.93378	49904.67386
"479"	"YMR121C"	720.5172912	677.8581614	684.4476378	710.7190454	736.1707279	699.6819672
"480"	"YMR125W"	11256.31321	11058.70101	11417.61637	11212.98408	11398.04149	10739.97049
"481"	"YMR128W"	1997.652247	1845.987957	1962.942047	1944.972757	1915.536224	1723.960379
"482"	"YMR129W"	3410.968758	3250.62027	3740.364062	3546.148096	3875.866342	3340.229036
"483"	"YMR142C"	54164.6726	48557.31309	41292.52624	42031.44812	45112.71348	65028.24742
"484"	"YMR143W"	33822.82884	30355.64283	30187.05098	31374.60924	31022.53075	32025.7357
"485"	"YMR146C"	2404.75317	2387.183839	2228.536401	2168.103872	2105.130161	2167.264895
"486"	"YMR186W"	132053.4152	127627.1091	132012.8533	130438.8464	123742.6116	116957.9479
"487"	"YMR189W"	12045.29794	11068.04305	11926.81768	12545.7674	12035.5589	11912.10608
"488"	"YMR194W"	31591.88376	32714.1249	30880.42358	29798.30904	29825.15899	29185.19554
"489"	"YMR208W"	3303.601076	3240.870271	3232.661183	3414.100407	3290.174262	3212.978827
"490"	"YMR214W"	8260.294776	8292.352729	8520.920298	8314.357326	8163.735817	7721.545484
"491"	"YMR215W"	16446.98189	18151.16179	17510.39111	16591.05807	17390.61568	16938.41618
"492"	"YMR220W"	79.67154603	71.20432525	69.0954744	65.15450998	69.13191714	71.4618892
"493"	"YMR229C"	8862.173908	8196.445645	7900.073496	7661.449886	7484.635032	7418.951686
"494"	"YMR235C"	52245.58194	49154.41301	49976.09602	52465.3004	52076.35491	55160.58016
"495"	"YMR241W"	2926.114486	2681.639048	2742.387361	2645.863327	2647.890718	2705.220325
"496"	"YMR243C"	8197.041147	12902.58912	10026.59502	11656.59688	10377.0537	10383.73882
"497"	"YMR260C"	35104.47267	36377.28279	32934.55702	32994.25583	33424.95994	31814.87602
"498"	"YMR276W"	3930.301472	3895.861328	3781.105868	3967.686546	3780.059141	3932.344783
"499"	"YMR285C"	3573.309141	4537.19856	4272.087459	4160.902963	4012.0843	3704.75952
"500"	"YMR296C"	22379.45875	23742.8013	22835.66905	21927.4837	22184.21112	23353.41232
"501"	"YMR308C"	15514.65574	15152.81015	15106.58132	14940.33251	14361.57331	14469.30737
"502"	"YMR309C"	78886.65802	76317.95691	78167.35649	78731.13179	78902.43004	75446.70152
"503"	"YMR318C"	21692.81341	22409.42707	22803.95596	23213.90639	23388.96014	24320.95177
"504"	"YNL001W"	1720.427389	1578.297115	2012.472657	1549.014795	1960.48276	1617.310059
"505"	"YNL002C"	7721.276914	7573.062874	7235.061856	6829.589909	6596.438999	6362.628936
"506"	"YNL010W"	12618.89407	11759.7547	11155.3782	11513.85804	11648.02174	11948.30618
"507"	"YNL030W"	680598.9956	671664.6813	642427.5624	613119.9487	609034.3722	662374.8246
"508"	"YNL059C"	2169.063186	1583.427148	858.3399264	1700.905486	1753.478324	1370.594472
"509"	"YNL061W"	18696.96206	18715.64345	18088.60426	16863.80801	16643.30592	15896.3134
"510"	"YNL062C"	2578.775535	2449.239629	2361.578277	2356.272523	2331.509873	2245.76295
"511"	"YNL064C"	118525.3957	115408.9766	115829.3106	109906.138	103481.8725	99274.24628
"512"	"YNL067W"	76022.19368	58599.12629	68351.97795	71690.85887	73674.12122	71391.79692
"513"	"YNL087W"	2630	2369.994707	2362.691084	2451.464179	2405.956363	2121.262865
"514"	"YNL088W"	5727.807926	5489.647522	5652.295315	5795.805263	5805.579097	5662.873086
"515"	"YNL096C"	43518.85645	41277.27759	38113.83261	37919.5085	37171.06688	38617.69956
"516"	"YNL097C"	3247.750348	2323.409857	2144.035001	2847.734541	2158.901765	2719.816881
"517"	"YNL102W"	1054.721202	882.1046152	1081.274473	1269.71708	1420.88479	1377.663849
"518"	"YNL110C"	4276.968159	3968.37236	3278.210604	3307.951454	3704.435601	3922.431073
"519"	"YNL113W"	8681.521714	8388.686788	7482.08625	7630.711321	7288.756208	7306.452583
"520"	"YNL118C"	8527.59785	9796.651924	7454.586272	7158.587985	7701.061881	10307.87334
"521"	"YNL121C"	45289.10782	46131.88675	46399.4782	47611.00834	48100.74185	50102.22432
"522"	"YNL123W"	3148.825924	3283.329304	3195.466676	3053.16904	3150.726239	3061.922594
"523"	"YNL141W"	20675.37706	21594.57958	19819.7973	18056.10857	17721.8716	16440.89329
"524"	"YNL154C"	6162.434602	6131.744864	6452.403012	6122.794545	6437.839012	6217.235109
"525"	"YNL162W"	13642.32568	13196.60581	12823.95295	12814.56779	12907.97817	12898.50192
"526"	"YNL163C"	7770.941037	7269.672717	7219.076681	7526.912861	6708.516544	7176.715559
"527"	"YNL168C"	2548.860755	2596.794797	2476.220179	2392.794132	2360.258141	2024.65551
"528"	"YNL175C"	3830.083377	3720.028728	3626.697361	3423.606354	3224.579	3239.725413
"529"	"YNL197C"	5727.807926	5427.392772	5949.454379	6195.832124	5995.120959	5206.406693
"530"	"YNL201C"	7012.373832	10459.83271	9004.600255	7470.282035	6712.303567	5541.307001
"531"	"YNL209W"	103902.0396	94120.51945	92364.88522	93821.27133	95016.53077	92815.08815
"532"	"YNL212W"	3497.215661	3782.147636	3743.835026	3549.193083	3611.580609	3513.692177
"533"	"YNL216W"	4387.614707	4635.008457	4707.074412	4386.786829	4107.179112	3682.29519
"534"	"YNL220W"	56792.61238	56022.94448	56525.86781	54976.40798	53109.66304	51612.20039
"535"	"YNL247W"	22968.29285	22617.99143	22104.3889	23001.03846	23170.63237	23916.72388
"536"	"YNL255C"	96654.98837	108226.0836	96461.43978	90222.25127	87398.63532	54998.17476
"537"	"YNL256W"	4589.084601	4881.433066	4531.87773	4333.509668	4255.562662	3726.412551
"538"	"YNL281W"	8527.59785	8742.295328	7979.51876	7832.580546	7379.485245	6824.628257
"539"	"YNL308C"	1784.365878	1744.506537	1663.241182	1639.386838	1592.123415	1515.31044
"540"	"YNL310C"	1524.843187	1834.772683	1624.848924	1731.823711	1912.858516	1676.91044
"541"	"YNL313C"	8070.986999	7194.954602	7808.663811	8083.63657	8785.589151	9212.19802
"542"	"YNR016C"	20205.78692	19151.34642	18688.20093	17932.2163	17412.23152	15401.54648
"543"	"YNR021W"	34906.33689	33210.52761	37583.7483	36008.5302	34950.96029	33158.69962
"544"	"YNR038W"	12734.34652	12975.61681	13048.87669	12957.09749	12454.4535	11671.96207
"545"	"YNR043W"	13671.92803	14001.53651	12495.68603	12170.3084	11589.11355	11564.73719
"546"	"YNR046W"	4802.930574	4524.214873	3538.095669	3519.984821	3220.414985	3166.311998
"547"	"YNR051C"	11676.92473	11896.22778	12151.48931	11510.03124	10821.43618	10593.55514
"548"	"YNR053C"	67680.27947	69646.6361	66779.2508	64563.24961	63505.74402	62576.11616
"549"	"YOL004W"	1662.367647	1641.88912	1697.540736	1527.847538	1607.72166	1440.670029
"550"	"YOL005C"	4276.968159	3344.943347	3987.703355	4028.418171	3885.118458	3722.439099
"551"	"YOL010W"	10006.51422	9769.70612	9352.016892	9522.111007	8534.76481	8815.646337
"552"	"YOL021C"	606.198294	655.7067833	642.6193677	600.3887637	604.2023706	605.5575737
"553"	"YOL022C"	124.5101174	122.9875304	119.1338181	111.2854783	117.7597532	105.6251596
"554"	"YOL027C"	7388.640295	7631.773148	7811.601639	7651.467255	7862.731333	7768.685982
"555"	"YOL038W"	16761.48064	17149.882	18661.37222	18242.89534	17518.0374	16252.71782
"556"	"YOL041C"	5909.607347	6191.680363	6241.384323	5720.725437	5533.877982	5262.109667
"557"	"YOL045W"	2217.406213	2708.515979	2028.019421	1921.276271	2073.116991	2100.62201
"558"	"YOL052C"	7060.581089	8455.682157	5943.768869	5687.647961	6496.450323	6092.631416
"559"	"YOL059W"	8965.919913	8653.022288	7258.945303	6909.09745	6491.868924	6908.822812
"560"	"YOL061W"	3307.831603	3370.212878	3266.12969	3026.433847	3032.814352	2672.272956
"561"	"YOL064C"	7327.540918	6806.197582	7173.698348	7393.244722	7536.862436	8333.754994
"562"	"YOL077C"	13200.68654	12832.48339	11698.94341	12215.7369	11621.59705	10856.33621
"563"	"YOL093W"	4092.307504	3303.23392	3132.055717	3233.470622	2865.08887	2758.333596
"564"	"YOL097C"	12125.8482	12599.7574	12623.94901	12334.18631	12400.177	11789.12287
"565"	"YOL098C"	8121.336004	7188.444733	8606.774242	8334.790021	8251.882102	6954.583196
"566"	"YOL121C"	29034.03018	26591.89893	25173.08705	25433.34776	25573.70317	26920.93298
"567"	"YOL142W"	6047.10638	6409.544038	4740.928691	5001.129745	6534.132594	6376.182889
"568"	"YOL145C"	12879.69488	13788.67962	14664.97827	14720.67866	14922.3543	13722.96891
"569"	"YOL149W"	2881.06604	3266.460896	3168.255541	3084.817846	3474.962094	2808.488847
"570"	"YOR001W"	2156.935194	2059.255167	2097.789607	2074.850031	1896.100402	1784.645544
"571"	"YOR004W"	6964.269049	7756.519909	6982.56408	6775.969603	7382.882339	7566.684257
"572"	"YOR007C"	9424.176737	9638.178235	9032.686772	9159.233443	8874.995316	8143.174711
"573"	"YOR014W"	299.5191021	274.8061253	367.9002863	346.6636268	321.4221481	309.7127463
"574"	"YOR021C"	2519.725319	2587.509767	2314.306949	2337.12084	2364.860381	2403.608882
"575"	"YOR027W"	67558.7907	70943.57563	72361.3831	70330.74383	65313.09696	59017.17116
"576"	"YOR046C"	14902.5527	15423.50901	16187.74452	15977.13297	15972.02495	14803.9144
"577"	"YOR056C"	4485.082266	4377.545786	4453.061178	3961.95474	3985.57365	4095.37608
"578"	"YOR061W"	4537.58737	3944.274761	4931.514561	3663.369554	4601.487062	4239.581211
"579"	"YOR063W"	450.4863914	419.8320369	387.8326929	387.4036445	390.1318248	405.8503656
"580"	"YOR085W"	4031.317778	3859.335538	3823.734188	4031.222381	3946.459092	3960.764787
"581"	"YOR091W"	4215.134277	3999.418395	4259.294304	4293.712534	4150.339805	3988.247574
"582"	"YOR095C"	5682.633923	5391.878295	5249.471129	5073.430674	5031.660218	4747.224212
"583"	"YOR098C"	468.3946501	407.4445069	460.3613243	383.8578615	456.3057622	365.6001471
"584"	"YOR101W"	2046.992119	1860.126625	1667.838437	1887.939622	1787.138272	1962.076515
"585"	"YOR108W"	28753.98174	30606.86231	28255.42559	29738.69425	28234.18703	31146.55083
"586"	"YOR123C"	1112.447872	1173.410355	1089.310727	1101.750851	1137.841963	1082.795202
"587"	"YOR143C"	3324.169656	3839.301873	3291.156526	3216.628612	3118.272552	3520.159229
"588"	"YOR157C"	11395.98539	13438.58784	12174.83604	11960.87364	11841.0862	11199.15194
"589"	"YOR165W"	2265.485518	2023.398129	2324.613954	2306.51664	2335.486527	2227.980095
"590"	"YOR167C"	94491.20217	89176.40693	86134.5358	87214.71206	86920.91246	94835.21101
"591"	"YOR168W"	37492.12077	37155.64959	38789.25158	37881.87976	37944.02992	36654.08687
"592"	"YOR182C"	18523.75765	18212.90983	15205.40299	15685.97241	15334.14753	15889.18924
"593"	"YOR195W"	314.3846601	370.3982966	380.7964633	305.3440188	278.2892384	245.8496581
"594"	"YOR198C"	33431.45981	33747.75224	34541.70401	35658.59764	36087.17547	35239.67317
"595"	"YOR206W"	28954.15627	29717.98641	29270.8321	26551.18089	27044.13012	25091.82687
"596"	"YOR207C"	1948.003846	1962.612816	2004.41464	1870.783911	1857.797193	1761.691588
"597"	"YOR217W"	2356.382935	2781.795612	2534.617628	2358.411266	2309.462295	1980.340734
"598"	"YOR224C"	6208.754523	5870.877902	5810.442648	5623.003466	5872.926339	5705.171831
"599"	"YOR229W"	3750.4889	3186.035759	3349.537532	3537.215907	3407.17127	3091.245115
"600"	"YOR234C"	65576.06264	59044.69415	62547.42006	62634.91835	62568.30574	61551.18643
"601"	"YOR239W"	17014.40456	17875.41773	17970.3958	18749.07282	16169.87166	18316.03872
"602"	"YOR243C"	4153.580202	3971.081536	4214.037984	3930.86583	3824.842803	3754.127965
"603"	"YOR252W"	5347.390686	4726.974214	4566.003005	4164.995292	4346.106184	4363.485004
"604"	"YOR254C"	17715.96078	16959.29247	17477.9185	17934.40887	17095.73599	17032.82122
"605"	"YOR260W"	9534.08313	8468.762078	9103.435491	9315.956569	8978.213702	8470.901624
"606"	"YOR271C"	9292.524958	9613.927214	9245.823971	8705.442611	8036.235339	8072.787319
"607"	"YOR272W"	6665.95274	6912.174328	7029.117511	6337.738866	5824.418346	5575.888712
"608"	"YOR276W"	26908.67928	26539.36067	23646.91344	22985.88546	22881.88388	26236.66997
"609"	"YOR293W"	54051.29234	52523.24498	53478.48465	52289.09668	48965.20237	38701.45142
"610"	"YOR304W"	1524.843187	1075.745585	938.9018513	1169.370652	1206.904923	1159.321153
"611"	"YOR310C"	34661.38576	32294.44275	32813.52659	31960.18739	30912.56116	29487.98664
"612"	"YOR321W"	2721.966881	3619.731471	2127.429476	1926.563389	2707.409397	1927.651373
"613"	"YOR326W"	4339.080303	4270.621344	4420.671733	4679.038749	4710.254424	4432.781004
"614"	"YOR332W"	16134.33573	15845.33925	16112.73621	16758.99903	16649.41583	17120.18917
"615"	"YOR335C"	33848.6634	33150.12658	32540.18752	32615.976	32247.66522	31556.35599
"616"	"YOR340C"	4072.329637	3894.42172	3755.748287	3996.956985	3762.332971	3785.612851
"617"	"YOR341W"	2835.839687	2632.799589	2670.582082	2610.233849	2562.500067	2501.744091
"618"	"YOR361C"	47538.89227	45245.39182	46059.43162	46867.48272	45002.50799	44557.06816
"619"	"YPL019C"	2630	2410.472367	2290.889433	2250.820951	2219.940813	1999.4247
"620"	"YPL028W"	60894.59559	60802.75225	55330.992	54007.41881	54722.15379	53836.31048
"621"	"YPL032C"	2181.174143	2302.313571	2270.344562	2128.200034	2283.161689	2503.296853
"622"	"YPL037C"	17973.2403	17648.27936	14363.71028	15234.37705	14742.49929	16040.14664
"623"	"YPL043W"	4986.235827	5060.667791	4771.60836	4397.584031	4278.494004	4397.385808
"624"	"YPL058C"	752.325536	731.5108479	699.3669557	624.0593602	471.8360358	401.9419756
"625"	"YPL063W"	2402.318293	2330.439119	2373.362504	2513.338781	2305.500851	2459.171865
"626"	"YPL079W"	66444.27455	81959.35812	58056.44952	58139.84538	58087.57673	61320.49885
"627"	"YPL082C"	6559.55429	6515.712204	5769.738303	5675.992792	5480.437614	4714.656992
"628"	"YPL086C"	4760.162447	4435.176669	4671.338491	4668.463194	4548.117039	4171.048267
"629"	"YPL090C"	65985.61062	65150.57112	58885.30071	59219.86372	60021.74437	67396.48126
"630"	"YPL093W"	28011.31397	24420.29011	28993.94087	29257.64457	28425.87443	26588.80482
"631"	"YPL101W"	357.9774132	262.0781827	318.7022042	273.1153976	272.3586964	204.3152493
"632"	"YPL105C"	830.4242167	572.906687	2011.245331	1668.711742	1325.46116	1641.264654
"633"	"YPL106C"	71727.06776	70621.70155	68980.52302	68616.80949	65005.90829	62623.67741
"634"	"YPL117C"	25460.04644	26284.22858	24694.74389	25425.3457	25111.41855	26347.51121
"635"	"YPL126W"	6559.55429	6604.307051	6386.918422	6263.724752	6191.80747	5734.331575
"636"	"YPL127C"	6559.55429	5968.386933	5112.506828	5508.229174	5539.661113	6265.718204
"637"	"YPL146C"	1603.793112	1604.516992	1519.134998	1465.24045	1459.571663	1404.890156
"638"	"YPL160W"	157764.1297	156615.138	159291.2329	161857.363	164799.5187	170150.8854
"639"	"YPL183C"	3454.15993	3388.112705	3741.540486	3273.576668	3355.877414	3292.297366
"640"	"YPL184C"	7945.539977	8833.899301	8199.701596	8153.819293	7499.982027	7620.748622
"641"	"YPL195W"	13524.11534	11938.41247	12960.67036	15256.81685	13282.8317	13751.63862
"642"	"YPL198W"	7084.723063	7343.463515	6623.680383	6561.050842	6576.166273	6636.274599
"643"	"YPL199C"	2132.627524	2156.277817	2112.812017	2110.669184	2093.557112	2009.155236
"644"	"YPL204W"	10296.60527	11477.34198	11872.51834	12173.55758	11733.3723	12360.77999
"645"	"YPL207W"	5413.932878	5119.66754	5511.679413	5619.248464	5791.362781	5784.307393
"646"	"YPL210C"	11776.67302	11465.7664	12502.66545	12294.03493	11881.0604	11215.92062
"647"	"YPL211W"	5171.19776	4596.999208	4951.63172	4892.694633	4817.787125	4740.495329
"648"	"YPL212C"	8133.938406	8802.505876	8259.080383	8424.533302	8555.713678	8319.302715
"649"	"YPL220W"	115702.4473	109277.7575	103282.6918	103286.4216	104578.6872	110024.5685
"650"	"YPL226W"	37569.71143	34890.86022	34857.78631	35559.43935	35051.0404	35001.86028
"651"	"YPL231W"	16982.72492	16812.53834	16480.21415	16285.53791	16285.4415	15597.04052
"652"	"YPL235W"	3032.415161	2999.255582	3372.609759	3254.72918	3343.437583	3070.815919
"653"	"YPL239W"	13054.47775	13148.39068	12508.40719	11980.78675	12114.36738	11049.48604
"654"	"YPL243W"	6278.464565	6295.367519	6457.523354	6236.35651	6236.268957	5800.878599
"655"	"YPL263C"	4011.051031	3686.392106	3737.510397	3528.635504	3715.343143	3804.070729
"656"	"YPR004C"	2948.573282	2967.895555	3121.886341	3177.682823	3197.483383	3166.829444
"657"	"YPR016C"	18621.44064	18352.75889	18267.01807	17715.73394	17901.77106	17645.63014
"658"	"YPR019W"	8802.643211	9056.495118	8873.012785	8926.579023	9416.68918	8800.704532
"659"	"YPR024W"	20138.97602	20577.91243	17293.02449	18469.40193	17933.27918	19355.65058
"660"	"YPR033C"	26765.67125	26018.91389	25395.96987	25213.34153	24170.38522	23430.03972
"661"	"YPR035W"	345680.3554	332353.8924	334139.3613	367644.8418	372714.7155	337773.3017
"662"	"YPR041W"	48267.95835	48238.99737	48746.30495	48817.00833	48506.35636	47740.65485
"663"	"YPR043W"	44582.65513	43880.80643	35799.23736	34784.18051	34430.91258	38240.99474
"664"	"YPR062W"	5182.156129	5158.498051	4971.291967	5024.243251	4923.785072	4696.565606
"665"	"YPR075C"	1155.251341	1161.49422	1227.566928	1210.663727	1088.28394	1021.197025
"666"	"YPR097W"	3082.44074	3282.49079	3314.540867	2825.464075	2924.541333	2552.745312
"667"	"YPR102C"	39036.61174	37833.02956	37156.09036	37377.27815	37651.89847	37968.18815
"668"	"YPR103W"	8527.59785	8625.980608	9478.240426	9514.1657	8852.807705	8831.899932
"669"	"YPR112C"	2217.406213	2404.67394	2223.076218	2045.87043	1933.595289	1863.763545
"670"	"YPR118W"	921.7759599	862.0207728	873.2014952	861.6084509	811.5385331	777.8525019
"671"	"YPR125W"	11256.31321	12522.48973	12099.18746	11410.1966	11100.61286	10834.81603
"672"	"YPR128C"	2253.48995	2830.006353	2460.053029	2202.475405	2210.776857	1980.287328
"673"	"YPR132W"	3335.050473	3109.616628	2409.500069	2502.460011	2428.082052	3186.680324
"674"	"YPR133C"	2828.596007	3093.366769	2918.040537	2855.658558	2857.807805	2984.408995
"675"	"YPR137W"	5127.436254	5894.74039	4549.662024	4644.679784	4381.110142	4840.892738
"676"	"YPR143W"	6197.164469	6744.531463	6364.384273	6128.384065	5791.495319	5213.61852
"677"	"YPR144C"	1629.891555	1541.639168	1749.555686	1468.042526	1285.904242	1101.91659
"678"	"YPR161C"	2071.549859	1941.386159	2679.079947	2255.04115	2302.921128	2015.795541
"679"	"YPR163C"	23983.63293	25346.52921	23357.29568	22347.11521	22518.69983	21518.20158
"680"	"YPR183W"	1885.491266	1936.18229	1936.570106	1969.912667	2047.288717	1948.262564
"681"	"YPR187W"	6093.156634	6793.373908	6439.944173	5926.802788	5940.775017	5650.031943
"682"	"YPR189W"	11931.57501	13251.34646	12037.71028	11930.3544	11646.78197	11302.34612
"683"	"YPR190C"	2521.888699	2411.177054	2777.298961	2530.967995	2801.076965	2627.198244
