"YORF"	"R0"	"R30"	"R60"	"R90"	"R120"	"R240"
"1"	"YAL019W"	56.27	40.85310708	49.31233115	50.38046202	44.92977056	44.17800555
"2"	"YAL021C"	47.2	41.55257612	49.052421	44.80958028	48.17577757	48.01368776
"3"	"YAL023C"	185.85	98.64368586	235.1382511	203.7238576	205.630597	207.3374211
"4"	"YAL035W"	291.93	182.3469312	274.3964342	261.9719141	240.1163082	268.2549707
"5"	"YAL036C"	201.82	103.8528105	129.9677415	148.7435713	146.232159	164.7583211
"6"	"YAL059W"	69.38	33.666933	43.21364372	55.61365592	48.64493198	62.57008518
"7"	"YAR002C-A"	234.45	126.1227289	289.9034481	286.3456447	275.4975006	271.9050963
"8"	"YAR002W"	82.23	83.7203727	78.61259614	79.38410941	84.12983246	81.97977575
"9"	"YAR015W"	297.9	206.1226438	191.1073734	138.7702806	200.3721092	177.5875643
"10"	"YBL002W"	1117.17	1190.195206	1125.410784	1575.180485	1150.448148	1694.970872
"11"	"YBL024W"	101.03	65.31744035	83.70201534	82.01971308	76.62237214	79.51787881
"12"	"YBL032W"	136.75	76.16750646	136.1524155	133.5747333	134.0671968	133.3576333
"13"	"YBL035C"	30.37	15.78599293	30.53588665	25.73774235	28.92443061	31.19412767
"14"	"YBL036C"	145.63	134.7730841	145.1433082	143.1705289	109.0861108	127.3805124
"15"	"YBL039C"	155.93	36.10698072	79.71582678	95.32156271	94.52540348	128.5625221
"16"	"YBL068W"	75.37	36.79977438	45.201629	47.15476914	51.33931221	51.93209998
"17"	"YBL076C"	398.17	250.1103423	399.0671958	445.7520625	357.3439409	400.7051731
"18"	"YBL079W"	82.42	57.92133161	63.15005449	65.894485	57.97733815	58.41314585
"19"	"YBL085W"	64.38	51.6602408	74.39579085	68.12491773	72.56635699	64.38974494
"20"	"YBR023C"	106.12	72.46176455	102.508912	102.2617958	102.1513043	100.6567747
"21"	"YBR025C"	574.43	416.1752763	524.5860074	457.9513383	654.9481231	633.0577667
"22"	"YBR034C"	209.38	74.16540709	154.6233325	134.6939335	168.8292703	169.8700708
"23"	"YBR049C"	69.15	79.69585199	72.09569356	68.02823553	63.3101634	60.37170115
"24"	"YBR073W"	66.75	47.99839589	79.06650114	61.70664715	61.60783692	58.17868063
"25"	"YBR084C-A"	1302.38	1014.81133	1804.04752	1655.271172	1387.653648	1395.933313
"26"	"YBR084W"	163.43	62.31955456	113.7778469	124.7780842	124.4603081	130.2407671
"27"	"YBR089C-A"	55.72	34.45742591	61.0219192	59.12659927	65.90604053	48.27828899
"28"	"YBR092C"	283.95	53.00168834	167.7625938	330.6402482	212.3163216	281.3194868
"29"	"YBR093C"	5.7	1.626624614	0.922064122	3.342136749	2.312374891	1.830071575
"30"	"YBR095C"	49.58	52.10753456	51.91465373	47.32455528	46.43487113	37.8085802
"31"	"YBR101C"	85.8	69.24763569	59.44453301	58.74874151	61.95401304	69.52574266
"32"	"YBR106W"	801.65	446.7738689	884.6729175	774.9990447	643.1255739	954.0020257
"33"	"YBR112C"	134.42	121.4078586	160.7011078	135.7378705	132.052077	131.4594974
"34"	"YBR121C"	509.02	273.3801136	501.4360881	525.2491905	437.8246284	449.4630179
"35"	"YBR130C"	67.3	67.98328943	67.33037653	61.09188364	58.88641243	55.90747128
"36"	"YBR142W"	79.37	28.63249939	46.83936323	48.37966491	42.99922269	47.97813263
"37"	"YBR143C"	360.78	251.8270502	412.9770609	374.0145609	379.0139453	389.2079083
"38"	"YBR155W"	89.42	39.07922417	51.24914272	46.71312374	48.38248203	48.42426682
"39"	"YBR162C"	1600.3	775.1400876	1552.74409	2119.035752	1519.03606	2081.646596
"40"	"YBR171W"	161.55	164.4000505	144.1041924	138.0594766	118.469041	118.8662526
"41"	"YBR172C"	128.38	108.3798992	84.74234329	100.3852978	90.3190366	80.27297341
"42"	"YBR189W"	2364.02	1471.293855	2234.96891	2566.195421	2593.712423	2940.588423
"43"	"YBR198C"	56.93	55.31123305	47.20903624	45.90686886	43.60072194	45.28848627
"44"	"YBR205W"	113.22	59.94002328	87.63692898	73.90477769	86.60027712	82.90510598
"45"	"YBR208C"	38.22	26.71454751	23.39714873	68.91018278	48.73471577	44.7634722
"46"	"YBR221C"	457.25	321.6652711	413.8132052	471.3894178	446.4345112	446.0494564
"47"	"YBR227C"	46.78	53.75772623	47.63903386	43.24656308	41.40592675	41.99292523
"48"	"YBR245C"	63.35	47.74556427	56.82921586	50.97950961	49.62517378	54.39318493
"49"	"YBR247C"	91.07	33.52723798	59.95811633	67.49004755	58.64316559	63.26194491
"50"	"YBR248C"	157.87	130.8475275	172.3001984	173.7269034	175.5086629	151.3993995
"51"	"YBR252W"	92.12	42.55438182	82.97665286	76.03642962	80.62169662	84.55792896
"52"	"YBR263W"	116.8	48.56920349	94.29155942	100.6421413	101.1637884	107.3383915
"53"	"YBR265W"	82.52	67.26536131	90.47719218	96.36024634	105.8923169	110.8654597
"54"	"YBR267W"	99.4	54.95842009	63.20626534	66.80475097	69.54020826	74.70094746
"55"	"YBR279W"	107.37	133.59646	125.1487231	116.713589	94.85239374	92.80644315
"56"	"YBR281C"	33.37	39.70162877	41.42877428	31.24698275	29.66192934	30.07068981
"57"	"YCL009C"	551.77	339.7403841	616.6512079	745.4569507	811.3688467	777.5411794
"58"	"YCL031C"	333.85	304.4287072	242.4610944	257.8777541	249.6497825	234.6035286
"59"	"YCL045C"	290.22	233.8648108	314.8755124	295.4205372	263.7615455	265.7179588
"60"	"YCL050C"	454.72	393.291425	411.41224	288.8474234	308.4651415	317.5820907
"61"	"YCL059C"	305.83	100.2683323	167.0760364	179.9679627	151.4340424	185.4321781
"62"	"YCL064C"	29.17	46.86445281	7.527565716	29.03498009	23.15840338	17.56180868
"63"	"YCR016W"	108.92	51.10935261	73.46588345	72.37354681	66.69534237	69.66646785
"64"	"YCR034W"	220.25	72.41423374	196.5193148	195.2413658	166.0360541	213.9391085
"65"	"YCR047C"	48.78	20.53398369	27.762925	32.33065697	37.2495858	34.71009228
"66"	"YCR052W"	63.73	51.51427993	60.71920321	51.86817818	54.03215014	50.33630899
"67"	"YCR053W"	490.62	334.8565793	529.6797649	472.7167655	441.6731961	407.5192775
"68"	"YCR057C"	106.98	39.84990531	58.43464426	71.17375079	69.73155978	77.4268445
"69"	"YCR060W"	81.08	54.1665932	131.5374727	97.65911216	105.0151463	120.0858938
"70"	"YCR087C-A"	75.48	27.21215447	59.00018362	63.35443469	59.5494887	74.33699885
"71"	"YCR093W"	130.18	142.4279087	92.14794275	95.48859573	85.5515385	95.5750015
"72"	"YDL040C"	105.33	77.92313895	108.1105987	101.8340135	85.40519188	107.1643719
"73"	"YDL058W"	52.9	40.66798389	44.98625792	42.59042443	38.34402553	40.52723397
"74"	"YDL060W"	85.88	38.19047007	50.85703055	57.99168683	52.4477912	63.23991798
"75"	"YDL061C"	366.85	210.5478926	473.5705474	500.0004262	528.8144823	540.5666556
"76"	"YDL063C"	54.4	17.41870594	28.95676647	39.32633578	35.56568574	42.25919804
"77"	"YDL064W"	133.4	96.70201223	105.2577877	106.5365333	90.63454967	95.64164628
"78"	"YDL065C"	129.08	138.0030686	155.0240351	116.4029773	112.3559434	124.4900924
"79"	"YDL078C"	105.28	111.5753245	130.4504305	117.8012372	161.9798447	124.7659147
"80"	"YDL082W"	1496.9	1044.348276	1489.490005	2032.714902	1780.329878	1613.870234
"81"	"YDL084W"	450.77	309.9178873	503.5055242	455.5915693	447.3758114	459.6595279
"82"	"YDL092W"	160.12	136.7898221	174.1459382	142.194911	131.2491054	83.94396691
"83"	"YDL095W"	182.13	108.0100502	185.4333443	195.0043633	196.5431365	213.7669126
"84"	"YDL099W"	262.83	309.5146552	274.0974864	241.8291113	221.2584704	187.5584843
"85"	"YDL100C"	282.17	230.375133	326.9649757	270.0299972	232.9888009	280.5214613
"86"	"YDL112W"	69.78	30.18567956	42.7140585	50.67623785	44.47477195	53.04464264
"87"	"YDL121C"	118.4	57.6863283	105.2437332	91.76127733	77.86712638	105.1461017
"88"	"YDL122W"	102.77	99.82284444	93.40649425	91.62497499	75.46898064	89.03319043
"89"	"YDL130W"	2427	2028.824625	1666.269281	2146.210293	3000.224643	2183.281206
"90"	"YDL141W"	56.9	45.22608755	47.19350121	48.85927084	48.51707834	51.20218234
"91"	"YDL143W"	206.27	193.6022584	194.1648421	180.4766395	144.6817079	179.2735907
"92"	"YDL171C"	123.32	41.80389324	71.77240426	117.4805113	125.5456394	132.8970937
"93"	"YDL192W"	873.05	527.0133324	825.6533491	762.7957039	643.6640564	782.4668596
"94"	"YDL201W"	95.52	36.74193806	65.89081451	57.72480849	61.29235912	71.60578496
"95"	"YDL205C"	7.55	6.076263005	8.171457412	7.887517269	8.704363796	8.148478964
"96"	"YDL213C"	168.33	60.92872971	173.0718009	140.4609296	110.6007302	141.5989984
"97"	"YDL229W"	2081.15	1263.318472	1917.050018	2457.620541	2326.471823	2893.894529
"98"	"YDR033W"	1035.27	287.8337214	1265.857761	1839.183942	1742.642169	1839.710929
"99"	"YDR060W"	187.55	48.00584696	105.1004161	110.4979357	103.6317857	110.0210954
"100"	"YDR071C"	231.8	250.6404631	263.2328017	227.2751511	211.848898	265.6556705
"101"	"YDR083W"	79.1	26.09453997	46.84937458	50.40325126	48.41604298	47.9977855
"102"	"YDR087C"	76.9	31.88680055	58.15880366	50.53222671	52.89015373	60.84256283
"103"	"YDR089W"	63.98	39.64562703	50.93437646	50.35707475	54.26245528	54.34106476
"104"	"YDR091C"	141.82	70.05281354	115.6068791	135.2059639	117.9060392	146.9631336
"105"	"YDR097C"	47.82	20.72929214	45.54628936	37.68629315	38.4851769	38.53359771
"106"	"YDR101C"	138.1	36.90098095	77.65007075	79.49221289	86.74799545	91.20181684
"107"	"YDR120C"	107.85	32.34156535	64.07818119	73.42753584	68.02703272	75.36272473
"108"	"YDR152W"	156.22	113.8886037	131.7184329	114.2685061	114.5840492	121.3301176
"109"	"YDR165W"	87.75	30.13177506	52.60087746	55.94405155	51.0402789	57.3557438
"110"	"YDR170C"	135.57	77.7919546	108.5170216	114.1794662	107.5477382	112.8029583
"111"	"YDR190C"	164.17	138.6652967	150.5511744	156.2696772	134.5251341	146.8705519
"112"	"YDR194C"	159.03	152.0545734	113.3224874	122.7555686	119.2743725	113.2844195
"113"	"YDR211W"	96.58	70.59043543	75.2572173	71.34380093	68.12667615	79.47228746
"114"	"YDR214W"	147.13	135.7087162	109.4968736	88.15511879	97.62244067	147.1601377
"115"	"YDR233C"	656.78	474.5854609	553.3193563	567.2604128	501.0430968	583.5055246
"116"	"YDR234W"	196.93	53.69247867	263.8296703	223.7828709	208.0894939	179.8546347
"117"	"YDR264C"	109.9	141.9532418	85.30184351	97.74807752	108.0313635	116.0929949
"118"	"YDR292C"	63.9	52.47880941	50.65602868	43.63006093	48.63522665	43.9663842
"119"	"YDR299W"	102.57	42.36322016	69.99551918	72.13234235	57.02656253	70.78690304
"120"	"YDR300C"	83.05	49.12983859	68.94028636	64.45253876	66.70237497	70.57371409
"121"	"YDR303C"	58.93	43.51751143	48.34563277	47.26448169	44.65950349	42.86350719
"122"	"YDR345C"	2167.22	731.8421276	1612.770869	1733.950812	1769.618878	1651.980168
"123"	"YDR346C"	245.18	100.7668336	147.0223061	169.9927919	153.8221514	179.3695692
"124"	"YDR361C"	129.75	66.12020584	94.9240904	89.35007231	109.6172547	117.32002
"125"	"YDR365C"	150.77	74.70191656	92.70987261	104.1542792	101.780672	106.7141164
"126"	"YDR395W"	113.02	69.8522905	83.73609949	89.38169747	87.39258977	98.83888682
"127"	"YDR399W"	434.02	137.5668698	171.7129226	182.9919659	342.4560057	367.7637266
"128"	"YDR408C"	111.47	67.20833682	87.27908256	77.28880547	103.9692802	112.7440436
"129"	"YDR412W"	74.52	35.63682851	56.5033032	54.16945276	46.67631139	53.78849201
"130"	"YDR449C"	102.22	55.90991111	64.53560771	69.28087948	71.14183046	68.8843772
"131"	"YDR454C"	285.55	131.138783	294.3850609	263.2864478	214.5648819	242.7276978
"132"	"YDR457W"	109.98	102.9881428	87.25222723	84.62652281	80.78898824	87.21351126
"133"	"YDR465C"	93.52	31.10132394	54.38146137	49.63744156	55.26143598	67.95178909
"134"	"YDR481C"	104.57	49.05736655	54.27911222	96.74527394	117.8023233	69.68229001
"135"	"YDR483W"	213.73	178.6479872	251.0142136	266.1415725	257.0564838	237.5242333
"136"	"YDR493W"	32.08	37.24870648	58.63517796	48.02355398	59.32685962	51.56926798
"137"	"YDR500C"	1823.67	993.0255908	2405.635912	2043.777862	2186.789934	3893.482197
"138"	"YDR519W"	134.17	84.93974534	161.8294496	125.2937308	104.5646968	140.1883395
"139"	"YDR527W"	97.38	66.87056749	66.1044617	70.74121069	80.88657353	71.32568555
"140"	"YEL001C"	259.62	159.6926592	267.2648338	309.7169102	253.1102323	244.7359308
"141"	"YEL003W"	182.07	121.0992805	210.384556	114.403229	101.9008669	126.6200287
"142"	"YEL015W"	74.98	69.70628218	65.98292285	69.25735059	55.43027559	64.36745218
"143"	"YEL031W"	217.83	168.4324729	170.1207351	205.9613242	180.841376	223.963885
"144"	"YEL032W"	93.18	80.62516317	74.33005472	84.80821708	99.9926906	100.7559268
"145"	"YEL042W"	135.58	51.29977595	106.4182491	127.737754	120.81085	146.684651
"146"	"YEL046C"	488.37	333.2439632	598.108874	736.2003492	654.0587411	747.1408274
"147"	"YEL054C"	1080.4	748.8478268	1153.131114	1058.478736	1212.438502	1037.938904
"148"	"YER002W"	150.67	76.79864761	87.72492707	87.64944203	77.80198861	67.56255192
"149"	"YER006W"	191.7	58.79568877	125.0002745	141.9846159	115.1055091	144.5712674
"150"	"YER007C-A"	129.32	75.1813592	118.3792498	80.9258912	81.61920236	96.12795042
"151"	"YER023W"	279.32	162.6366834	306.8143437	383.9122711	364.3722089	398.8475519
"152"	"YER036C"	362.37	214.1300664	285.7698609	336.7295406	350.1458561	353.36331
"153"	"YER042W"	104.52	47.74575946	59.48979076	34.5097037	40.99098012	44.56597582
"154"	"YER049W"	148.1	68.76653863	108.1945385	121.8733897	112.2722654	127.7088612
"155"	"YER073W"	137.7	49.13353373	129.1517295	143.2411254	126.4567201	107.3011176
"156"	"YER082C"	67.58	27.84321547	42.2687599	44.1024031	43.50906127	39.78712741
"157"	"YER086W"	315.98	105.8835481	311.5926619	369.0000233	324.3324018	370.1216686
"158"	"YER089C"	54.22	36.21523828	46.02356683	47.87435426	56.63365596	54.54204582
"159"	"YER091C"	491.57	109.0723226	687.298185	389.2435461	360.4838323	448.731425
"160"	"YER099C"	76.38	56.25637487	51.92542262	66.21234235	66.7502802	72.27469038
"161"	"YER102W"	868.92	527.1657313	853.236995	841.8211794	979.0343399	872.3249298
"162"	"YER110C"	186.32	53.99212001	96.19340549	124.7650899	111.8550798	148.4717567
"163"	"YER112W"	104.83	92.41782934	99.80837768	71.39017452	75.62786856	76.18949267
"164"	"YER114C"	38.3	29.43471585	30.72886542	35.37031243	31.83127569	33.07847777
"165"	"YER120W"	313.55	260.674128	300.0965631	301.1879068	350.9635357	344.4696095
"166"	"YER126C"	150.32	62.34033069	117.6619019	124.5158283	111.0986884	124.8165571
"167"	"YER127W"	89.15	52.42620666	62.14096195	70.4704178	63.37744053	65.88105193
"168"	"YER131W"	565.98	284.4345402	784.5094786	470.1741785	518.3408379	626.2103804
"169"	"YER151C"	86.73	87.01072662	79.37491513	76.07155915	68.0202948	63.56532905
"170"	"YER155C"	155.58	126.6342771	112.3852985	121.9923616	111.377762	128.3395644
"171"	"YER156C"	103.27	44.3673058	123.378671	110.8784534	93.9089407	110.9980779
"172"	"YER159C"	121.02	98.41756922	147.0604169	103.718875	109.0838612	73.24273807
"173"	"YER164W"	48.65	35.62571229	38.17494933	40.22973701	36.41892656	37.79248614
"174"	"YFL004W"	96.17	44.85736444	52.2154314	67.91404415	57.47476002	51.17102153
"175"	"YFL007W"	83.83	128.0213113	76.43444396	59.76946373	60.36656218	69.0044499
"176"	"YFL008W"	42.8	37.45324033	50.81202462	41.07118273	38.91721794	36.93701868
"177"	"YFL045C"	529.52	256.0614484	606.3100706	582.823776	510.2037453	584.5679556
"178"	"YFL047W"	63.22	73.09727565	66.78469533	64.51142741	65.44558209	75.20810049
"179"	"YFL048C"	84.3	109.3490627	105.48747	98.21300831	78.5196569	116.7519387
"180"	"YFR002W"	71	67.25672536	55.93456226	61.26482598	54.30871806	50.74717637
"181"	"YGL008C"	2474.6	1352.431563	2303.779144	3299.897334	3154.240228	3161.204933
"182"	"YGL009C"	112.67	84.45596808	83.44841074	81.27830689	76.86229998	107.2565913
"183"	"YGL011C"	187.45	325.9876385	167.4450886	146.9952974	126.0144672	138.7704868
"184"	"YGL014W"	94.12	53.70822596	79.57151289	87.07490707	69.58605518	78.24632927
"185"	"YGL019W"	107.37	102.975151	110.5673666	106.1299605	98.50944278	89.09441594
"186"	"YGL020C"	103.62	88.16255934	105.8989699	103.9318769	112.6385498	108.623828
"187"	"YGL022W"	268.95	196.4336282	278.0143502	302.8329871	288.372692	294.19165
"188"	"YGL027C"	82.58	60.95892012	88.43357138	85.50428642	79.00358686	79.68221388
"189"	"YGL030W"	3232.08	1863.28892	4911.141035	4441.147055	4557.806872	3995.313966
"190"	"YGL031C"	550.97	404.3150826	551.5824594	602.4888526	646.4083093	701.9163181
"191"	"YGL039W"	90.07	50.96922574	59.26551796	63.31163511	66.12121636	66.38162089
"192"	"YGL049C"	66.93	60.1447424	62.77187397	58.32866582	52.47273778	54.56584767
"193"	"YGL050W"	75.12	65.39557124	71.80009549	69.25624991	80.36843533	69.41408214
"194"	"YGL067W"	41.37	39.84108954	31.17467332	31.90546911	33.52674416	40.69015162
"195"	"YGL076C"	1722.98	998.0109028	1780.354651	1777.428812	1838.76103	1694.797772
"196"	"YGL078C"	214.63	57.45925471	134.4887965	127.3464273	129.5226781	136.4916013
"197"	"YGL092W"	88.08	53.43086061	68.56558238	68.00100326	65.02318584	80.65469676
"198"	"YGL099W"	82.65	40.39857433	53.99045291	62.15292469	54.51078422	63.12128182
"199"	"YGL101W"	103.58	62.89083825	106.6274497	96.87752766	98.94610881	86.46618065
"200"	"YGL111W"	71.1	33.44916586	44.10028498	45.55379265	41.11294311	52.79171301
"201"	"YGL115W"	118.03	114.2276178	118.1191736	133.7696709	154.5877553	133.7612466
"202"	"YGL120C"	172.87	72.41186011	119.8494207	130.1624537	117.3560678	131.195655
"203"	"YGL122C"	164.47	208.0950267	123.8172745	114.3747291	120.4861066	157.6989115
"204"	"YGL133W"	53.77	66.70243558	55.28881791	51.73716557	52.05953393	50.06260313
"205"	"YGL147C"	2312.02	1115.640138	2537.199137	2358.603751	2322.923512	2554.596158
"206"	"YGL148W"	273.77	104.1606387	334.0414914	321.6380036	377.3545783	301.3906685
"207"	"YGL150C"	71	56.82089281	55.13258976	54.75626092	61.96219196	58.33289153
"208"	"YGL164C"	49.1	52.06328762	45.13344923	38.69660264	42.14569278	36.54502792
"209"	"YGL169W"	52.75	31.62068725	31.12129324	34.66588366	38.86938294	35.18311788
"210"	"YGL173C"	156.85	142.9210402	124.4068963	111.2960358	107.7680676	114.360767
"211"	"YGL195W"	201.23	165.8702751	177.3685581	186.6632024	163.4939692	170.5936988
"212"	"YGL200C"	288.23	238.5101649	351.4830707	372.0029461	407.9168192	388.6050114
"213"	"YGL201C"	50.05	41.76496571	38.75935658	40.70496225	43.40457134	38.68526464
"214"	"YGL232W"	114.05	100.0421459	113.7435201	97.95677826	86.53960184	89.8951139
"215"	"YGL234W"	316.3	166.1247942	260.3053629	208.4012712	209.9724038	265.9117981
"216"	"YGR001C"	152.12	97.94068878	157.5121123	131.0620365	140.3828659	150.9806235
"217"	"YGR005C"	83.13	77.9573621	82.20523055	68.1973997	67.85668948	66.5177598
"218"	"YGR017W"	143.83	116.0430402	177.7015416	147.8248887	135.5697447	116.6241789
"219"	"YGR020C"	336.07	229.4233821	214.6886919	230.7471014	235.8186383	192.8197847
"220"	"YGR024C"	99.82	74.24455018	70.93739035	69.0891653	85.77990473	94.83296855
"221"	"YGR034W"	2404.15	1483.719511	2653.059075	2508.251368	2493.795743	2447.661355
"222"	"YGR061C"	280.33	98.30684513	157.0683602	154.2750402	159.2369412	200.7782427
"223"	"YGR082W"	211.25	154.3890188	223.2095165	213.5718249	285.6973225	221.1970983
"224"	"YGR090W"	98.32	67.16013481	64.97142424	80.72658617	71.70121392	70.88305571
"225"	"YGR094W"	477.08	244.2724692	374.7122746	431.5931366	413.0556856	429.8123763
"226"	"YGR116W"	154.5	127.7129997	159.9220338	134.4528097	129.2770741	130.8817098
"227"	"YGR119C"	82.93	81.79844801	74.27871429	73.342127	70.86350728	65.51358774
"228"	"YGR123C"	80.03	30.97752174	51.66746188	54.37348833	49.8966868	56.26597095
"229"	"YGR128C"	85.78	40.19248397	50.1441932	52.74262423	51.72134505	57.927871
"230"	"YGR148C"	538.72	373.4224075	535.8769349	467.9286934	508.3170953	533.5364544
"231"	"YGR157W"	192.8	131.6552792	199.0712719	162.5422532	160.0105	231.7921537
"232"	"YGR159C"	625.67	125.7056534	362.6465183	440.2319783	379.8046677	488.6445391
"233"	"YGR162W"	219.42	96.52428577	195.9059713	183.1632259	146.0031605	179.6824513
"234"	"YGR173W"	79.97	56.91945096	63.66981542	66.74743104	70.62344555	81.46761083
"235"	"YGR175C"	307.18	175.3192823	276.9627698	297.9168618	298.1803774	330.3480102
"236"	"YGR178C"	121.33	117.0238531	102.2901504	95.33263996	92.49121416	104.516664
"237"	"YGR185C"	386.18	307.5785972	441.7308545	324.0778663	348.6022804	298.5737429
"238"	"YGR186W"	97.6	129.2863351	90.30244796	90.44923234	89.04145591	77.13075565
"239"	"YGR187C"	98.6	61.20746581	64.20630345	62.42659553	52.37573938	58.92607984
"240"	"YGR200C"	79.17	41.62228383	56.02036249	62.21338238	60.88554979	65.3492737
"241"	"YGR204W"	355.13	255.8194261	374.5410365	344.0208773	361.9550798	368.2665893
"242"	"YGR208W"	96.1	68.15124496	88.80486515	61.67082699	71.86420871	85.05990496
"243"	"YGR210C"	100.9	53.96800135	75.26392688	80.50442605	86.46283912	81.55745562
"244"	"YGR211W"	122.25	60.41378436	70.57107698	71.52902945	71.68283663	106.4363363
"245"	"YGR229C"	114	91.72569424	152.4746249	138.3850113	122.4994724	159.3386824
"246"	"YGR233C"	31.73	14.28565136	22.79716746	27.72322247	25.07805444	23.95347578
"247"	"YGR234W"	314.93	132.7312928	198.0056223	161.6065589	155.2460969	201.8044484
"248"	"YGR245C"	101.15	24.81118556	48.75009155	60.67900247	50.29053151	63.85908888
"249"	"YGR264C"	227.8	114.07725	186.2710194	181.4990021	166.3380201	194.7868433
"250"	"YGR271C-A"	19	10.08689038	14.16036541	13.07582338	10.87451823	11.59542792
"251"	"YGR275W"	88.68	88.69785806	77.49531787	61.72818402	52.82648084	58.40375007
"252"	"YGR280C"	223.93	71.63513288	123.6508838	144.0679812	141.0690018	136.8336129
"253"	"YGR285C"	529.05	269.3828995	447.1792506	494.140522	490.521347	457.9592729
"254"	"YHL001W"	607.08	404.1939066	771.5105889	824.9511688	742.0472271	774.5886031
"255"	"YHL007C"	95.63	83.03954087	86.83250447	85.93978245	75.38387701	85.80708062
"256"	"YHL039W"	54.57	27.16000984	36.95704545	37.66283873	38.46208154	41.16491081
"257"	"YHR010W"	1322.55	816.0448462	1274.889204	1730.800531	1191.239339	1125.071385
"258"	"YHR013C"	86.07	65.54641074	74.83888387	76.74180886	89.25012084	88.79675466
"259"	"YHR023W"	48.72	37.99095854	44.33622074	53.6354606	43.38388772	42.37654167
"260"	"YHR025W"	296.75	169.011844	257.3363303	240.2421546	276.5355903	296.4923026
"261"	"YHR039C"	105.58	71.05703102	67.43247754	71.84382228	82.55569537	87.49693775
"262"	"YHR042W"	165.22	88.51885737	143.6512497	133.1655014	141.728765	182.9169495
"263"	"YHR052W"	169.77	76.59352972	116.0670608	117.4361886	95.86745043	136.3422165
"264"	"YHR063C"	95.82	88.70678323	77.28739362	71.58868775	82.24048946	75.10422044
"265"	"YHR066W"	92.33	41.00204702	60.38158644	58.16917295	46.04450658	68.29455856
"266"	"YHR068W"	359.83	201.5631	302.2112108	318.3758594	346.5010823	319.3289113
"267"	"YHR084W"	166.97	115.8357606	145.3749486	149.7715555	149.9585429	163.4742867
"268"	"YHR088W"	70.03	30.46375553	44.8950469	42.83835497	40.21638256	41.20136795
"269"	"YHR089C"	593.25	214.5712994	405.049154	445.2417137	485.9404349	547.4078206
"270"	"YHR098C"	111.3	85.13299982	117.991317	106.6330972	101.0072928	109.3019907
"271"	"YHR107C"	112.9	102.4466808	108.1325296	116.2716773	99.82252249	106.0004604
"272"	"YHR108W"	143.85	126.7173165	142.6193506	136.8195029	134.8061101	124.352796
"273"	"YHR117W"	59.92	42.07128255	57.27126979	59.70008507	57.83313888	64.09193937
"274"	"YHR121W"	151.23	132.1351044	155.9716442	169.0621885	140.6851701	163.010157
"275"	"YHR132C"	96.67	114.8152861	119.0914022	108.4718465	116.4470931	114.140719
"276"	"YHR135C"	102.23	117.550625	95.79409001	89.46316916	86.75465532	97.04532847
"277"	"YHR143W-A"	319.97	204.9418614	352.9373407	354.0678542	358.0496281	379.8902639
"278"	"YHR158C"	54.8	59.53946087	63.9402335	59.01491236	54.34381026	58.20780189
"279"	"YHR163W"	143.83	110.127925	117.6590906	133.7177806	135.635962	125.9517528
"280"	"YHR170W"	180.52	65.3581881	95.05970475	114.232911	112.2586746	144.4439523
"281"	"YHR179W"	730.42	478.034367	358.3818471	382.5065731	400.2746111	433.8089118
"282"	"YHR188C"	79.97	62.37693579	71.45861801	80.28563095	71.24354213	78.40186547
"283"	"YHR196W"	133	83.34983515	74.06176576	92.69156932	72.76110802	70.40909525
"284"	"YHR197W"	66.85	26.60804545	33.52132189	39.00614512	36.12559661	41.04267723
"285"	"YHR201C"	78.62	94.60551083	63.69727055	60.58853585	60.08559123	64.01175851
"286"	"YHR205W"	67.9	47.3940906	48.61595406	57.79427384	49.12754018	48.82392894
"287"	"YHR208W"	244.03	149.8467012	246.0998502	237.9487209	201.2845152	235.6491566
"288"	"YHR215W"	11.5	1.024888554	2.139622031	7.45815351	6.132223871	3.486010392
"289"	"YHR216W"	284.48	177.0572705	193.7368288	221.5377352	224.3502129	251.1689629
"290"	"YIL009W"	101.02	47.12674837	65.7503721	73.97839877	73.87815814	81.59311777
"291"	"YIL015W"	16	5.432558576	9.443382176	18.52717341	15.81070498	17.67129925
"292"	"YIL035C"	149.12	168.3138849	111.9483988	112.2856749	114.4076868	94.91413336
"293"	"YIL039W"	78.57	49.69962016	67.91811881	69.37761325	65.22330259	68.60983968
"294"	"YIL044C"	81.38	114.7527033	90.58739152	78.90128545	81.29330333	71.93614725
"295"	"YIL051C"	416.63	296.6212326	419.1881511	367.1195652	360.5391867	353.1179051
"296"	"YIL052C"	1912.13	1542.22364	2095.620943	2127.121949	1887.830956	1989.313499
"297"	"YIL069C"	1018.5	591.6286629	911.9621696	763.00006	1086.474862	762.7640446
"298"	"YIL094C"	834.83	465.700607	1582.98846	966.168341	1006.872233	903.2973824
"299"	"YIL115C"	89.37	67.29545646	73.99539327	78.79013372	69.83414501	80.64735537
"300"	"YIL118W"	134.82	100.0867824	150.3338885	127.4998863	157.6290769	150.9572025
"301"	"YIL126W"	90.52	90.04641982	98.95547923	90.05408206	73.88344018	84.48135558
"302"	"YIL130W"	69.03	50.11111439	49.69871602	52.9713895	50.62017574	47.49212016
"303"	"YIL133C"	1105.13	561.5693633	1152.768617	1222.014681	1147.686508	1309.771712
"304"	"YIL145C"	86.88	32.09762955	30.15598074	34.09514758	43.82635019	42.57183362
"305"	"YIR004W"	63.03	59.26012868	61.34237906	63.99653769	49.64996828	48.54017966
"306"	"YIR026C"	66.68	23.34289351	44.63006189	44.91787351	45.83337291	59.12262756
"307"	"YJL001W"	320.62	568.5178706	399.1979536	272.5103358	420.9641134	346.3642275
"308"	"YJL002C"	185.25	184.3180722	143.8497665	158.0143646	155.278433	178.5919161
"309"	"YJL033W"	105.88	29.61550115	56.45925458	66.92815843	62.40980439	71.71080821
"310"	"YJL034W"	369	359.0944902	321.5281983	282.5376558	210.983575	276.4434916
"311"	"YJL041W"	109.03	96.22105346	113.299752	105.4266986	90.20961493	113.8967101
"312"	"YJL050W"	122.1	36.08959824	68.70925567	78.88608752	75.84786677	97.98666809
"313"	"YJL061W"	47.4	39.82390115	41.7875929	40.69599963	38.50418571	38.66614634
"314"	"YJL074C"	34.8	16.14505694	37.79118288	29.7103453	29.20474093	28.33336784
"315"	"YJL076W"	99	71.77093387	94.55152727	99.15697618	76.55397621	84.88377186
"316"	"YJL087C"	33.45	27.02814058	28.70391869	27.46766969	27.36487487	27.61646277
"317"	"YJL109C"	148.88	40.28494953	73.47466372	83.92158448	69.15408021	90.4348567
"318"	"YJL115W"	116.98	85.09913185	168.9600905	110.1656515	98.46710651	85.20010521
"319"	"YJL121C"	109.6	63.77002849	106.3281176	117.2114178	116.1794641	171.2414771
"320"	"YJL123C"	99.62	127.9383165	119.7472899	93.71143226	89.05401064	87.23292931
"321"	"YJL130C"	238.4	82.31638599	343.5203799	414.2407577	176.2747761	173.5657173
"322"	"YJL136C"	1021.6	1084.10808	1385.012434	1407.723831	1866.213479	2107.96014
"323"	"YJL145W"	81.15	63.81746771	68.95487307	60.97859344	66.59882134	67.11661881
"324"	"YJL148W"	247.02	108.5195615	135.6272208	170.327346	132.5527226	140.207676
"325"	"YJL173C"	134.7	99.52196284	156.6249272	147.3572471	179.4249926	142.4251292
"326"	"YJL176C"	49.83	41.51019151	48.03150563	47.30838367	43.09588113	45.6915461
"327"	"YJL177W"	763.57	515.4608283	775.7368496	778.1408436	683.283471	758.9902293
"328"	"YJL183W"	65.98	35.0637289	55.16350008	65.83833322	59.38966991	66.91225181
"329"	"YJL186W"	120.67	72.21377809	116.2175894	108.9444057	126.90889	138.6183296
"330"	"YJL191W"	286.2	146.6303545	240.1549147	267.1731257	312.9159123	260.761495
"331"	"YJL200C"	289.12	73.9366709	572.3436506	366.4953572	312.8661814	308.6137275
"332"	"YJL217W"	111.97	54.44949313	68.30956544	63.19999734	100.3647288	64.18563387
"333"	"YJR003C"	68.02	42.66186607	48.71372124	50.21700861	48.85237328	53.88097134
"334"	"YJR007W"	285.35	199.7294017	224.7983399	217.0029117	204.2116791	216.8991113
"335"	"YJR017C"	124.08	92.01447772	137.5728792	125.6119645	131.8966197	103.4675521
"336"	"YJR032W"	63.85	40.12632228	52.8219627	46.71456143	42.01620927	49.29408568
"337"	"YJR048W"	178.93	52.23364849	214.5703508	186.0825962	186.4636052	169.1617199
"338"	"YJR051W"	62.65	47.11300136	51.44571873	53.42978691	52.48995289	65.56777834
"339"	"YJR063W"	136.5	73.18166758	90.86128018	121.3733937	120.6877181	149.1988534
"340"	"YJR068W"	61.38	59.6353358	59.66974113	54.08242193	60.96951628	55.77310273
"341"	"YJR069C"	100.47	63.3346695	88.75900051	92.73153413	81.31729016	118.9523119
"342"	"YJR070C"	182.4	35.48377479	115.6444458	118.8093587	131.7934956	160.1008025
"343"	"YJR072C"	114.77	82.02520719	105.3868173	100.6416063	106.1740241	109.3716904
"344"	"YJR075W"	143.58	94.36247258	134.0349675	135.3061508	142.888907	138.4594456
"345"	"YJR105W"	361.72	210.5042399	361.6344489	428.3631123	429.3149734	365.3309715
"346"	"YJR131W"	28.62	23.47458971	29.78184003	27.67906936	25.66736858	28.93408972
"347"	"YJR139C"	439.02	309.3712174	416.4808941	421.3995719	343.3274133	416.6824655
"348"	"YJR143C"	172.98	76.25687251	162.397751	176.4271885	170.7863484	212.9658648
"349"	"YJR145C"	1328.67	927.6122653	1411.297295	1374.069025	1407.44029	1193.520457
"350"	"YKL006W"	1804.13	1096.764267	1969.779287	2098.47316	2178.904379	2078.260442
"351"	"YKL008C"	216.08	121.7135541	193.588305	222.1572595	251.9332505	225.584763
"352"	"YKL009W"	374.02	127.5449133	228.2081865	277.7335903	270.9210877	310.3270463
"353"	"YKL014C"	86.72	34.35165734	42.92122402	51.82127442	42.77357662	50.82148379
"354"	"YKL024C"	97.68	55.70517643	81.93041477	88.3791502	100.2221876	94.85478515
"355"	"YKL027W"	60.62	45.56452113	54.94289032	54.14112723	48.02727913	56.90876437
"356"	"YKL029C"	115.68	17.68405192	80.02472241	108.1633222	76.66679541	78.0114543
"357"	"YKL056C"	2360.35	1339.839559	2447.651628	2552.962276	2388.005879	3211.104862
"358"	"YKL059C"	34.05	52.07693436	35.16559312	37.03370514	38.39971698	35.86877544
"359"	"YKL060C"	7960.95	7677.487311	9539.54097	9651.159802	10183.25755	9301.556689
"360"	"YKL081W"	2100.3	1306.288896	2267.878224	2452.673521	1928.422762	2683.199311
"361"	"YKL120W"	75.93	46.65972381	50.36880228	40.47384516	46.32115226	53.84978933
"362"	"YKL122C"	306.42	282.395351	337.9357618	214.960803	273.7223054	246.4336194
"363"	"YKL127W"	97.52	74.28614588	84.99446174	71.35400183	67.85835658	82.78779854
"364"	"YKL144C"	50.13	23.96745246	35.92759939	39.76098584	35.61730007	49.60694732
"365"	"YKL154W"	89.78	76.72005294	95.60227438	90.96937927	67.52023171	89.45087189
"366"	"YKL173W"	39.67	34.72788769	29.7113463	30.28035083	33.27801699	29.14279806
"367"	"YKL179C"	53.03	77.04644324	50.72715173	52.46984756	38.83970294	43.83014353
"368"	"YKL181W"	270.28	106.1574415	173.6101087	173.9032665	200.8729277	227.4250067
"369"	"YKL182W"	553.3	383.9857747	497.3413898	605.6201216	546.837809	568.6163615
"370"	"YKL191W"	65.03	20.86618917	43.56483569	50.57323877	51.06299453	73.76226072
"371"	"YKL192C"	683.57	696.6666917	827.7860131	636.0344922	706.3611162	751.480553
"372"	"YKL204W"	101.73	106.8938819	81.1546747	75.87291372	76.0152532	67.18433899
"373"	"YKL212W"	146.5	132.2252387	125.4591341	119.2727499	127.8320046	128.2691785
"374"	"YKL214C"	42.17	41.57877474	45.93827333	33.77421698	42.91438126	45.17636403
"375"	"YKR024C"	72.15	32.13663733	38.43141548	42.51720319	44.02869564	50.76615756
"376"	"YKR025W"	85.58	58.034151	70.66652148	65.92863963	71.44470742	75.96776379
"377"	"YKR026C"	101.28	69.21239918	65.74495688	69.67037786	69.75504942	72.58723203
"378"	"YKR043C"	203.63	122.0071699	222.7791432	198.7636863	228.3904931	233.7030446
"379"	"YKR059W"	628.97	478.9352575	628.8596339	592.2532999	650.4911322	643.109679
"380"	"YKR071C"	117.27	127.1099479	111.3556846	108.5689889	82.38808001	87.26797249
"381"	"YKR072C"	116.18	107.9130179	93.98285762	97.18924975	93.04957681	71.1832448
"382"	"YKR074W"	138.37	113.0776529	135.8900493	123.5668326	124.7002742	145.505717
"383"	"YKR080W"	206.57	223.5505569	165.2445504	170.3489282	162.8798325	167.4322251
"384"	"YKR081C"	129.12	45.32076079	79.30351452	86.76476395	63.2811143	95.43683837
"385"	"YKR082W"	64.67	50.31813475	51.96820131	51.25516099	50.93545922	51.64914238
"386"	"YKR092C"	219.6	51.4046503	99.5653011	145.2576938	141.8720033	157.0151856
"387"	"YKR094C"	988.97	630.3763745	1162.148051	683.2995055	839.4598365	1198.092197
"388"	"YLL011W"	68.72	35.83225868	42.56258663	44.21119765	44.18271423	39.21004776
"389"	"YLL021W"	79.48	54.54778321	86.15607393	74.34706008	63.24259294	61.18817125
"390"	"YLL034C"	60.22	24.17376446	39.54399533	42.25251124	36.11731148	42.70794946
"391"	"YLL045C"	1734.6	1181.073719	2026.451796	1940.132173	2049.679797	2435.059126
"392"	"YLR002C"	81.28	35.1528913	50.1182672	53.82460514	49.83247409	50.64137881
"393"	"YLR017W"	70.25	28.525438	53.98908217	54.20546586	59.2847323	65.06034335
"394"	"YLR022C"	80.1	74.7748208	64.7972279	81.53470554	67.96528638	68.82645382
"395"	"YLR056W"	276.42	113.888681	234.7582576	219.981457	248.2932047	372.2205774
"396"	"YLR061W"	1524.2	815.863433	1202.546469	1350.769062	1696.957947	1237.690014
"397"	"YLR068W"	65.28	31.31329615	42.77503833	39.13417675	30.05597902	33.4498515
"398"	"YLR074C"	249.17	117.458599	217.0964915	200.5470716	226.0584161	181.2137154
"399"	"YLR086W"	41.35	30.89099786	43.06115509	41.71030072	37.19393891	37.50017204
"400"	"YLR089C"	186.17	197.6866709	167.7081079	157.7836658	160.5216559	165.0121567
"401"	"YLR126C"	55.37	32.93291683	33.94835484	30.82449323	34.69987209	39.04013392
"402"	"YLR129W"	92.05	39.81227101	64.59590156	72.3925615	59.48279459	58.03420457
"403"	"YLR143W"	48.37	42.23193107	47.2709669	39.90901057	40.40322404	41.37932667
"404"	"YLR172C"	126.8	46.52749432	85.55902936	81.21022791	74.84042638	67.25008468
"405"	"YLR175W"	681.5	210.4766863	389.0361677	496.5480953	414.6969809	368.3860354
"406"	"YLR179C"	388.15	183.1206366	354.7837745	258.4560678	311.4958714	416.6401438
"407"	"YLR192C"	248.07	251.4214897	264.851674	188.9359848	223.3147283	229.2141874
"408"	"YLR196W"	134.65	45.89092814	82.15441321	89.57132657	91.10264131	93.997106
"409"	"YLR197W"	1183.15	320.2941842	820.1083768	856.6864612	767.094201	819.2930611
"410"	"YLR200W"	102	73.15216345	76.54814777	55.39567123	52.19588533	68.35347818
"411"	"YLR209C"	61.6	43.73862506	60.06271903	70.98492652	59.18640806	74.84892622
"412"	"YLR212C"	43.5	32.16229972	43.6902161	45.58736992	48.65522307	50.36297024
"413"	"YLR214W"	39.15	7.659087895	6.834035588	9.141022471	9.045264468	10.81374979
"414"	"YLR215C"	34.07	36.84315069	29.6094441	31.96453227	30.11725914	32.36924119
"415"	"YLR216C"	272.92	381.5427143	223.3994292	150.8531886	128.904713	217.1265217
"416"	"YLR222C"	86.05	43.87162438	52.67221143	64.36393022	55.22302985	57.46923429
"417"	"YLR244C"	221.85	141.6403457	165.0126726	176.3175632	146.7292446	169.2004496
"418"	"YLR249W"	2255.47	1297.674402	2135.185203	2485.22808	2511.507661	2757.327904
"419"	"YLR274W"	45	35.00897877	30.79248791	34.78026992	39.95542157	38.94474105
"420"	"YLR285W"	93.78	76.91982056	93.80727347	91.70848458	69.98948475	98.93400757
"421"	"YLR291C"	112.12	65.47942033	86.07630564	96.1170444	88.69259134	93.1005703
"422"	"YLR301W"	110.8	93.27230279	124.8884324	135.748374	144.7366536	125.0413538
"423"	"YLR304C"	470.9	185.6598368	401.5413989	617.3707505	879.4700283	505.2738969
"424"	"YLR309C"	56.93	68.49761611	61.73211692	51.16162804	47.71453144	45.4415805
"425"	"YLR319C"	32.43	30.4621105	32.948819	30.91269311	28.15121813	31.80185415
"426"	"YLR330W"	163.83	267.649235	238.6564562	197.5224449	171.4806839	181.7685458
"427"	"YLR333C"	434.98	275.8447884	470.1642916	443.3192848	542.7861518	368.6542048
"428"	"YLR335W"	108.63	69.85965615	103.3802739	99.76692887	94.46251861	86.95216399
"429"	"YLR336C"	49.73	29.10354089	30.8412799	33.72466502	34.37854687	36.19893366
"430"	"YLR347C"	80.55	67.24056731	62.86716878	69.32890992	66.92308948	74.66152298
"431"	"YLR355C"	764.05	661.4216437	832.5712103	704.6608318	769.3061908	824.6954859
"432"	"YLR367W"	134.68	63.47702469	135.9593178	153.5166383	152.0317678	130.8673509
"433"	"YLR370C"	226.13	413.4679912	370.141499	244.595066	268.4559427	244.6575529
"434"	"YLR378C"	316.78	234.84994	435.7747523	390.6550791	354.9307256	412.1417451
"435"	"YLR380W"	64.4	38.95147639	55.18877573	57.33913719	58.30116672	51.02045501
"436"	"YLR384C"	105.93	56.00276732	90.24406123	99.87014755	75.79294826	88.59666721
"437"	"YLR388W"	139.87	72.88115021	109.1791978	141.2786364	128.9475784	207.0773618
"438"	"YLR398C"	61.47	71.29150282	60.32515162	60.47891513	54.17271306	51.21183968
"439"	"YLR401C"	56.97	27.10066649	47.85432441	44.33144295	47.11509081	48.13057006
"440"	"YLR413W"	481.57	88.23475694	413.8197886	553.0254751	395.5342381	522.2149178
"441"	"YLR419W"	39.62	33.30896265	34.57703758	31.09114334	28.54808124	29.93088542
"442"	"YLR432W"	373.27	178.4622911	277.8653332	336.2704545	295.5729876	397.5920978
"443"	"YLR441C"	2017.6	1377.227885	2133.613124	1963.075528	2123.691759	2441.242421
"444"	"YLR448W"	786.8	553.898402	879.3514736	876.679836	999.1847589	839.3121319
"445"	"YLR449W"	176.32	71.13666769	109.0822992	100.3269319	93.42974301	93.9482226
"446"	"YLR452C"	214.8	110.6020979	92.50339639	135.2609008	141.6981299	140.6860107
"447"	"YML008C"	326.98	274.0113231	244.87218	227.4160783	232.7539418	207.07475
"448"	"YML010W"	115.98	100.3871326	120.6742767	112.3318262	102.5128079	94.10236029
"449"	"YML013W"	44.4	70.15584801	46.40957868	43.98162315	43.36653912	48.77605734
"450"	"YML022W"	258.12	115.9895856	168.3688279	217.1561015	237.6799155	252.0669285
"451"	"YML024W"	2005.75	1056.281917	1748.47831	2061.277159	2114.92107	1871.05164
"452"	"YML026C"	1402.65	811.0582651	1300.148166	1470.017422	1228.472422	1156.642102
"453"	"YML031W"	64.07	49.62316865	58.39873201	52.57755848	58.64990709	64.27716917
"454"	"YML032C"	35.05	51.39798942	32.74575844	36.49405035	39.72820765	34.19743044
"455"	"YML056C"	587.35	156.9007784	287.9497548	371.0538881	324.1007526	456.7211751
"456"	"YML086C"	109.88	92.57491342	104.9953861	114.3802014	113.7611446	129.5536192
"457"	"YML093W"	106.5	42.45283541	77.8908464	77.47152433	69.87254397	71.92561527
"458"	"YML094W"	63.57	42.01564861	55.27874288	44.23962911	45.58587292	45.76143532
"459"	"YML103C"	96.7	75.51461219	68.44847695	61.55238136	59.92297005	63.6365456
"460"	"YML123C"	0.77	0.138936429	0.537089221	0.998581675	0.782240803	0.697683058
"461"	"YML124C"	139.43	128.8412074	168.2568821	169.8138634	142.5730651	159.0368472
"462"	"YML125C"	156.97	105.362266	124.4501302	136.7785182	128.4339232	162.5760862
"463"	"YML126C"	259.48	189.4027623	214.7064626	262.827178	272.0167615	248.866697
"464"	"YMR004W"	45.08	78.61999604	39.90633993	41.20336194	32.16496007	34.86618545
"465"	"YMR012W"	173.05	116.1894608	156.5310552	150.3522368	135.2047924	129.1113076
"466"	"YMR016C"	85.8	55.61086305	85.59124697	81.87055022	75.23293034	62.33559635
"467"	"YMR024W"	65.8	65.66303506	79.3446226	67.68994884	72.24008188	77.06916853
"468"	"YMR049C"	102.9	26.4479039	48.09933176	62.22522216	55.73303641	61.03333529
"469"	"YMR074C"	201.63	119.6217641	303.1452016	277.7649002	258.9272653	249.3928237
"470"	"YMR076C"	45.38	23.86021011	63.7377683	50.31531093	50.63643129	44.66147945
"471"	"YMR079W"	171.88	95.63669531	136.8847929	151.687836	134.2203166	141.7262392
"472"	"YMR080C"	78.03	54.02804711	64.65473651	66.30162769	67.591457	70.28312937
"473"	"YMR083W"	497.65	176.5263894	407.4782739	449.9551352	581.6445826	451.9129447
"474"	"YMR089C"	88.38	88.79279119	81.81402528	83.33800326	81.88718735	86.08202511
"475"	"YMR091C"	84.27	71.34722112	66.62767808	65.2238828	64.44459868	62.16639142
"476"	"YMR108W"	379	168.5895592	311.5631978	323.3258471	313.9947682	396.9404251
"477"	"YMR116C"	1961.22	1110.710404	1667.729679	2256.407228	3016.319798	3089.014686
"478"	"YMR120C"	233.37	191.0498207	166.6009711	56.71711506	98.6775393	145.4381443
"479"	"YMR121C"	58.75	56.19441301	25.07911769	27.80096924	30.76183458	23.3151302
"480"	"YMR125W"	107.67	72.76867335	84.03989724	85.65049691	84.09876473	79.05076822
"481"	"YMR128W"	88.72	29.49752552	50.16556762	54.56840657	47.15831033	53.52362388
"482"	"YMR129W"	64.37	46.04371658	49.10055234	53.04652568	53.43939379	55.63150984
"483"	"YMR142C"	1903.68	1246.493768	2348.296151	2066.938573	2236.67431	2582.520436
"484"	"YMR143W"	2050.12	928.9709386	1951.472001	2106.308601	1662.624632	1954.58247
"485"	"YMR146C"	314.73	168.0603437	268.6967077	254.067719	230.8768978	247.5703806
"486"	"YMR186W"	1377.63	1508.563377	1250.98343	949.0567297	679.6619712	1120.61391
"487"	"YMR189W"	76.1	71.67651818	71.66445747	59.36390125	75.31033039	71.87179618
"488"	"YMR194W"	1038.5	485.0073931	1309.489774	1036.006253	1128.262939	1085.798277
"489"	"YMR208W"	81.53	60.26650671	60.44032101	65.15337431	57.77684165	59.57873268
"490"	"YMR214W"	53.7	48.30822483	57.40048141	53.18977086	49.77479461	52.7786878
"491"	"YMR215W"	135.77	27.29282483	105.0922788	170.8751485	147.4995832	171.4245334
"492"	"YMR220W"	77.2	76.80287101	75.89297051	82.12826834	88.3575441	79.25127893
"493"	"YMR229C"	164.7	27.92251283	80.91981602	91.32706343	83.67570983	101.8613319
"494"	"YMR235C"	184.68	142.5331663	164.4009018	184.7581833	160.0378837	150.1740512
"495"	"YMR241W"	260.37	107.5008061	194.3804849	279.9982584	248.4222876	219.1141582
"496"	"YMR243C"	216.45	107.7924729	139.2999068	188.5325292	179.7044937	212.1383744
"497"	"YMR260C"	844.23	572.8288993	920.562376	871.3768948	628.4575457	760.0334854
"498"	"YMR276W"	168.67	261.2765714	163.7328495	136.9505526	128.3338914	157.3418249
"499"	"YMR285C"	45.92	47.68423928	42.74786569	39.64552706	41.80110536	40.98298169
"500"	"YMR296C"	222.55	238.9583449	241.8432594	225.4359407	208.4312881	220.6137983
"501"	"YMR308C"	166.88	100.0345423	147.6188089	151.7292779	153.8643765	168.9540895
"502"	"YMR309C"	200.07	122.075278	149.117854	164.6422554	125.0395891	146.7706708
"503"	"YMR318C"	223.75	202.7642018	269.9049732	276.5601778	186.6848882	229.8909796
"504"	"YNL001W"	77.37	70.76995889	62.06068238	60.09032491	54.79167175	63.77155276
"505"	"YNL002C"	239.05	84.32807011	156.6171177	167.1225131	132.4708658	139.4485473
"506"	"YNL010W"	360.4	189.8956026	291.2297661	347.2704944	367.3239945	289.9068833
"507"	"YNL030W"	1359.93	1285.228176	1305.62919	1231.911813	1096.224066	1640.818113
"508"	"YNL059C"	130.93	162.2447699	111.5164511	121.108886	108.6019844	94.45419127
"509"	"YNL061W"	142.35	41.72086911	76.08514033	89.77539165	71.29221797	92.05973192
"510"	"YNL062C"	41.32	15.47518389	25.38558208	27.10274361	25.84293405	27.90209927
"511"	"YNL064C"	394.45	242.1509999	232.2637217	227.1788459	236.2082915	336.3290524
"512"	"YNL067W"	645.53	262.9121001	514.1620099	578.6983043	613.4133862	385.2508787
"513"	"YNL087W"	65.88	25.94743971	43.72576581	47.10439989	39.35949718	48.25800114
"514"	"YNL088W"	58.92	30.70061015	62.15616699	57.43500895	52.45706421	51.03981978
"515"	"YNL096C"	1281.45	632.4845653	1207.723568	1173.40801	1071.48401	1208.635175
"516"	"YNL097C"	24.33	38.09195089	35.48326809	30.54628267	30.23368659	28.93786087
"517"	"YNL102W"	50.5	22.22997229	54.23588925	43.38704652	48.04047184	45.35805475
"518"	"YNL110C"	253.63	109.1197506	159.3896412	157.6645994	127.9869859	138.6713298
"519"	"YNL113W"	126.32	58.73086855	112.5587276	85.24524625	90.95139395	89.06406061
"520"	"YNL118C"	89.95	96.37457812	91.87553201	93.44091804	74.58899255	77.19769131
"521"	"YNL121C"	167.43	152.4867985	181.82262	176.4819073	183.7043174	158.8917071
"522"	"YNL123W"	135.25	91.17363046	98.06087634	103.7820375	101.9177208	106.9033424
"523"	"YNL141W"	120.7	14.92026218	34.94773087	43.88468307	41.88016723	89.37749641
"524"	"YNL154C"	142.22	141.8397006	138.4510566	138.1577813	120.8929524	120.2030526
"525"	"YNL162W"	1383.37	1117.170776	1505.804407	1619.625204	1803.516734	1472.425114
"526"	"YNL163C"	66.83	52.4976908	47.38843705	55.5514164	54.96032624	56.5542454
"527"	"YNL168C"	50.22	35.41275021	51.65646265	43.67324527	52.04895736	51.30872817
"528"	"YNL175C"	166.62	47.1694382	138.4600099	118.1423925	103.5113647	133.6950674
"529"	"YNL197C"	47.73	31.05582296	53.32819624	46.31449101	46.36296569	50.69896413
"530"	"YNL201C"	52.83	34.95270452	40.13369528	38.22393278	40.61311095	42.85338722
"531"	"YNL209W"	1410.88	880.6510132	1361.2287	1715.179143	1568.807708	1969.579005
"532"	"YNL212W"	67.5	71.82570058	55.29998061	56.45866367	55.74561197	59.95116842
"533"	"YNL216W"	56.28	49.65099595	45.51010725	43.2696954	39.98706117	49.39674196
"534"	"YNL220W"	385.03	210.6426756	288.1153524	182.747743	261.186018	314.2648319
"535"	"YNL247W"	198.07	104.5263872	159.9142482	165.1679931	137.9432455	169.1712624
"536"	"YNL255C"	202.48	129.4580668	221.5601009	199.5621766	218.3057045	265.4131875
"537"	"YNL256W"	60.42	36.2616374	40.05516121	40.21908676	48.09014193	49.08098834
"538"	"YNL281W"	175.9	104.9875324	156.6028319	122.4267576	123.7855774	162.3092237
"539"	"YNL308C"	365.55	170.4198629	287.1314138	275.8579728	189.3636377	242.4197548
"540"	"YNL310C"	37.78	33.40861908	61.67269979	43.46251655	56.51130262	47.71687131
"541"	"YNL313C"	57.5	23.25408302	37.12580612	37.35675235	36.91629473	34.63435169
"542"	"YNR016C"	446.05	257.8629208	297.3163524	341.076461	322.2923008	392.6950156
"543"	"YNR021W"	210.55	142.8494952	197.9578955	178.3259831	174.605715	182.8284416
"544"	"YNR038W"	51.48	28.60034814	33.18174525	38.50628497	36.69705373	36.26829505
"545"	"YNR043W"	145.27	88.66412994	122.59009	108.0964306	111.5736371	129.7896825
"546"	"YNR046W"	163.67	84.28573366	145.4531404	134.2811172	147.5670502	156.6630119
"547"	"YNR051C"	204.82	191.7032653	146.3126228	130.9209954	162.5490155	138.1738346
"548"	"YNR053C"	136.4	70.09746728	77.10605221	94.63306079	87.64085571	89.414447
"549"	"YOL004W"	111.25	145.8576581	111.7369297	120.1443531	95.76797841	89.60269076
"550"	"YOL005C"	167.68	144.1746386	268.3357905	189.7753433	206.8257312	223.4129988
"551"	"YOL010W"	106.82	58.80749929	84.12042554	90.70982564	95.29628119	97.72655209
"552"	"YOL021C"	100.93	77.64375156	67.69095387	72.95773553	71.73138455	75.32026923
"553"	"YOL022C"	82.28	41.83106157	65.17226687	62.5974302	66.05433537	71.47744251
"554"	"YOL027C"	151.62	145.606595	168.6295912	175.2878312	143.6722551	128.1977977
"555"	"YOL038W"	237.5	535.2489216	304.0617355	239.0652219	263.3601901	268.0946073
"556"	"YOL041C"	126	64.65620115	83.79358454	91.68105549	67.58156727	69.52291461
"557"	"YOL045W"	51.73	41.04522949	42.50723977	39.97831438	41.70858723	40.70397594
"558"	"YOL052C"	80.12	38.16840316	59.71891072	60.37450475	58.38148994	74.53330435
"559"	"YOL059W"	124.58	71.76272085	71.31693225	110.830805	88.19064407	88.88371923
"560"	"YOL061W"	135.32	77.46548107	104.2745572	119.7180478	124.9649036	144.683082
"561"	"YOL064C"	147.6	117.4320232	200.8086037	177.4830806	218.8271848	222.6264422
"562"	"YOL077C"	176.37	55.1056243	106.9827401	126.0352421	125.6411934	144.5955333
"563"	"YOL093W"	49.6	27.70974489	44.85502633	36.32381708	42.40126301	44.79139348
"564"	"YOL097C"	204.73	121.3414802	211.7227323	161.4867611	171.3967225	207.8699565
"565"	"YOL098C"	86.97	79.34205698	78.69923049	69.92817197	64.37936186	73.14791521
"566"	"YOL121C"	1204.07	631.0432586	1391.886719	953.0495288	1104.630736	1186.778349
"567"	"YOL142W"	85.35	58.90644261	73.99783815	75.36117667	69.70884924	61.32307222
"568"	"YOL145C"	88.98	92.71110107	82.89382206	73.25570396	68.15023915	62.6038943
"569"	"YOL149W"	75.73	51.16795781	62.577845	46.78038882	47.47869595	50.9428118
"570"	"YOR001W"	78.33	46.94302668	56.62876585	63.79983332	60.72788699	61.60953323
"571"	"YOR004W"	102.47	29.96308362	71.53911684	73.24691403	69.94267943	91.30265412
"572"	"YOR007C"	506.33	489.3780858	558.1101701	426.4318911	392.0270744	470.8929572
"573"	"YOR014W"	76.98	99.61350225	67.41420285	67.67684075	61.95641315	62.51408891
"574"	"YOR021C"	189.23	107.6550326	117.9295549	138.9435106	119.5589736	134.492177
"575"	"YOR027W"	254.82	405.6413426	199.5828528	118.2946414	106.0645843	168.1440737
"576"	"YOR046C"	144.35	137.5818047	134.9168763	122.892458	121.8823382	108.9957445
"577"	"YOR056C"	77.7	33.67179212	53.97039863	59.14689206	55.28245521	54.37517632
"578"	"YOR061W"	111.25	84.78473116	78.88137017	82.67796899	85.60971343	77.10209352
"579"	"YOR063W"	4465.47	2649.145505	3977.527337	4524.883988	4608.473411	4794.57636
"580"	"YOR085W"	153.73	93.30098269	169.3600435	195.8050303	181.670521	166.5482483
"581"	"YOR091W"	78.43	46.78726984	65.7847489	60.46547344	51.99337794	51.62514807
"582"	"YOR095C"	170.32	55.61930797	116.069139	113.9026027	125.6082756	189.8248229
"583"	"YOR098C"	67.57	53.0636551	62.29597371	61.18995296	59.87846253	59.38728834
"584"	"YOR101W"	152.87	60.94550063	121.2263231	103.584495	110.280889	125.3345634
"585"	"YOR108W"	152.67	45.90376187	124.4875305	146.9740701	161.8082688	162.5850154
"586"	"YOR123C"	132.43	136.8409004	132.4482802	114.6613672	94.89713113	97.39132753
"587"	"YOR143C"	47.38	40.63035622	45.86850658	47.46387749	40.79495546	48.81133481
"588"	"YOR157C"	208	404.6685708	214.7820241	171.0239413	241.2047475	199.9289236
"589"	"YOR165W"	79.85	66.10774138	85.52034206	76.47574469	70.0354756	81.8940237
"590"	"YOR167C"	4899.62	3159.00559	5467.401185	6116.189933	5200.866536	4761.736521
"591"	"YOR168W"	265.57	198.3854634	206.5813088	186.7896856	203.0572097	196.4239229
"592"	"YOR182C"	3850.23	2742.030551	4648.935788	3743.451398	2681.406877	3323.240884
"593"	"YOR195W"	32.88	18.57892669	34.73247724	25.58379794	23.54700779	21.04387175
"594"	"YOR198C"	248.62	208.7943588	256.8665519	248.9374671	208.1383705	212.1128907
"595"	"YOR206W"	155	43.62270183	83.03691946	86.19569267	74.09501766	79.1334334
"596"	"YOR207C"	99.42	48.39984945	92.48029211	82.38292348	74.15511962	82.01291458
"597"	"YOR217W"	54.8	44.50446112	54.25779318	49.90977683	42.66249854	44.16034842
"598"	"YOR224C"	347.23	192.002726	334.3135332	275.3013621	342.2069316	397.571224
"599"	"YOR229W"	40.57	33.16036648	36.60805467	38.74494987	43.43879414	49.18247939
"600"	"YOR234C"	1414.22	578.4629929	1356.498165	1644.912639	1263.412943	1569.6949
"601"	"YOR239W"	212.18	179.1043332	200.4335071	201.3714791	202.5549289	194.4078505
"602"	"YOR243C"	88.47	41.34161528	55.04000884	59.16628874	52.38912853	61.08024315
"603"	"YOR252W"	90.77	34.18777709	72.93044053	54.7730893	50.62821277	59.14022834
"604"	"YOR254C"	197.45	133.0547612	193.8310072	153.0951508	158.820449	168.5893758
"605"	"YOR260W"	127.55	119.9798721	85.6008116	83.00642352	82.93287662	87.32216291
"606"	"YOR271C"	139.78	60.39584313	94.67578205	79.30154535	105.2812175	108.1519985
"607"	"YOR272W"	100.33	26.9962214	71.53834513	62.43259783	67.21833217	76.10128094
"608"	"YOR276W"	315.95	232.2920788	262.4663385	300.2040198	281.1475571	298.0044893
"609"	"YOR293W"	2744.52	1771.683746	2138.272323	3479.442055	2362.543165	2426.691852
"610"	"YOR304W"	54.52	52.73309113	48.92806668	46.12730313	43.93565681	42.27114513
"611"	"YOR310C"	815.02	269.6230851	610.8122099	682.8281229	616.205749	668.8092149
"612"	"YOR321W"	39.47	31.7017174	43.57030109	38.97646601	39.29179042	41.23796479
"613"	"YOR326W"	323.78	216.5290213	358.3424249	354.0591788	270.8266501	291.2181757
"614"	"YOR332W"	427.88	399.8278795	397.0665377	435.9275517	464.9588711	412.1110299
"615"	"YOR335C"	255.3	127.1165213	214.5091466	235.7276272	185.7923626	239.8298606
"616"	"YOR340C"	149.78	37.33055745	80.71476401	96.76559412	99.49384461	82.11828874
"617"	"YOR341W"	208.1	44.81188765	128.5744789	155.6838652	141.5690373	158.5139499
"618"	"YOR361C"	287.75	189.6388518	189.6091839	233.5462617	203.8395399	207.2985107
"619"	"YPL019C"	34.65	6.350130414	19.52166263	30.46293225	21.23194793	20.57620943
"620"	"YPL028W"	297.1	224.7373319	270.7336629	320.30199	279.1188321	258.7886625
"621"	"YPL032C"	98.68	40.76633725	99.32708351	86.20908832	82.24054348	85.98724765
"622"	"YPL037C"	901.13	819.4163309	1126.094221	1207.584623	1030.306468	1118.272687
"623"	"YPL043W"	131.97	49.30139034	75.03408023	86.18075274	80.39540067	88.1393818
"624"	"YPL058C"	105.65	30.89028472	56.15740328	78.33513394	70.10757601	81.77863076
"625"	"YPL063W"	121.15	92.23795342	97.67064087	98.40525769	95.57251533	84.86030776
"626"	"YPL079W"	1256.02	682.7326783	1521.098465	1404.679561	1578.13677	1618.514571
"627"	"YPL082C"	60.32	38.19681549	49.58364061	52.86003451	48.80972729	51.02233383
"628"	"YPL086C"	66.8	34.3809327	45.90856296	43.79060656	44.71815656	49.19345384
"629"	"YPL090C"	1733.12	1043.434901	1731.545994	2057.951697	2005.396666	1656.063009
"630"	"YPL093W"	208.42	58.87073725	121.3524467	147.2480968	156.0192848	161.2264913
"631"	"YPL101W"	40.08	37.1014552	40.01766017	39.82479633	40.66602443	40.94895031
"632"	"YPL105C"	135.35	105.6989851	90.66630855	102.3596605	99.98875244	85.80857391
"633"	"YPL106C"	710.1	687.1814181	695.9270821	604.1194042	516.1926671	626.0621447
"634"	"YPL117C"	206.18	147.5068068	232.92771	215.1634296	202.9554433	252.0668715
"635"	"YPL126W"	127.8	37.92554958	66.96735865	79.1442699	76.64536685	86.30994594
"636"	"YPL127C"	128.4	72.03366615	176.2442529	175.9815155	157.2647756	123.3232973
"637"	"YPL146C"	163.05	88.33112789	109.7566515	128.4848387	101.0827206	94.39566719
"638"	"YPL160W"	239.13	179.987489	233.8125827	227.2240653	204.2739063	246.3102529
"639"	"YPL183C"	82.35	37.37379004	53.16735973	53.69745994	50.33713023	53.74451407
"640"	"YPL184C"	86.72	70.04796267	80.6737131	107.8265169	83.61642726	83.93062033
"641"	"YPL195W"	111.38	112.994369	96.79690578	99.60654313	92.13593568	88.59299847
"642"	"YPL198W"	605.85	356.3734892	536.8666675	640.1705156	660.4087351	765.2665185
"643"	"YPL199C"	102.43	79.87021103	94.51959824	76.20014413	80.95633214	85.81691046
"644"	"YPL204W"	163.22	202.1316382	170.7180874	138.3262596	157.7758348	141.3227773
"645"	"YPL207W"	97.25	40.87084939	73.61144722	92.63354012	77.96367759	87.44077973
"646"	"YPL210C"	90.78	76.13850021	73.03641154	76.07971661	73.86835321	72.41209909
"647"	"YPL211W"	144.58	40.90262336	97.70162962	100.4766225	111.3849868	112.431592
"648"	"YPL212C"	87.7	40.58208339	77.03587124	77.56949859	75.4906195	73.71878245
"649"	"YPL220W"	1253.02	585.9993563	1336.508926	1325.901029	1540.041538	1468.767624
"650"	"YPL226W"	240.5	93.7279854	167.9931807	209.1909923	171.2356936	220.6456485
"651"	"YPL231W"	538.93	351.7330488	410.3491499	525.053023	488.2974608	464.1461929
"652"	"YPL235W"	127.23	134.5922828	102.084832	113.8700895	96.64497685	96.97078926
"653"	"YPL239W"	93.05	56.90412793	84.06219077	70.72728635	81.35840671	73.93120693
"654"	"YPL243W"	136.35	154.0664513	116.420904	122.8318543	98.81683856	109.9632195
"655"	"YPL263C"	73.4	42.46093901	57.64924115	63.78067501	56.1547861	69.38947499
"656"	"YPR004C"	112.15	89.01238094	125.8758005	120.8900629	124.7534901	133.3364033
"657"	"YPR016C"	242.85	177.7561778	153.8808643	210.6869878	239.2781151	216.4558822
"658"	"YPR019W"	67.43	49.98352666	58.26678781	64.1489856	62.75217241	60.59933419
"659"	"YPR024W"	69.93	96.72477705	65.23265438	67.98748682	66.7558588	73.3904038
"660"	"YPR033C"	315.8	163.6423639	319.3014883	293.4749714	270.7341902	279.256951
"661"	"YPR035W"	1406.82	886.2978417	1983.53411	2257.236767	1407.593848	1242.693239
"662"	"YPR041W"	306.57	217.5605431	275.0024951	261.9021848	254.9436319	294.1440477
"663"	"YPR043W"	4291.25	2878.683961	4691.592089	3654.317103	5520.357579	6243.764909
"664"	"YPR062W"	221.43	206.4580489	195.9377185	264.1147941	201.2481466	196.8132706
"665"	"YPR075C"	49.23	78.4081925	67.53913058	60.22640093	64.14017308	54.22552623
"666"	"YPR097W"	68	54.61837853	58.67232158	52.19791882	52.42205811	55.17740641
"667"	"YPR102C"	1934.63	1240.537695	1883.860751	1846.151533	2222.325709	2016.162112
"668"	"YPR103W"	213.52	419.9238133	250.4030319	175.9616557	220.3016789	213.4533517
"669"	"YPR112C"	83.27	24.56612946	47.27714667	53.1052987	47.28440461	52.27681728
"670"	"YPR118W"	104.15	63.45345376	84.46898589	106.5920994	71.62964947	86.04118444
"671"	"YPR125W"	83.83	89.54786326	71.58610797	69.25209754	73.08200936	78.81071516
"672"	"YPR128C"	43.77	41.70411336	40.74443407	46.64257464	44.19877565	47.61931064
"673"	"YPR132W"	2733.97	1369.55901	2189.56635	2423.389018	2155.100692	2261.17428
"674"	"YPR133C"	79.42	95.84535801	78.53850535	74.34169547	64.91262038	57.78513482
"675"	"YPR137W"	75.32	43.7329526	54.82770108	53.50618446	49.28156792	47.61458743
"676"	"YPR143W"	195.37	100.729364	166.1955917	158.4187328	139.034735	121.9034294
"677"	"YPR144C"	68.3	25.45998149	38.93434112	43.82358011	41.70630893	45.38500279
"678"	"YPR161C"	40.8	36.88093747	35.46516761	32.226221	33.92709385	35.39383395
"679"	"YPR163C"	405.28	208.6478792	389.8432735	353.8847447	315.6788763	361.2808023
"680"	"YPR183W"	294.73	172.6156223	396.1750324	410.7515588	374.8556344	397.8030068
"681"	"YPR187W"	329	235.1800304	281.7179147	288.5528167	311.8245668	283.1544106
"682"	"YPR189W"	57.28	54.52382148	53.47662036	47.64026767	43.90736491	43.48905758
"683"	"YPR190C"	57.62	28.37451277	42.38744308	41.70311525	38.89977805	42.51619836
